,top_words,top_words_from_mean,top_words_from_diff,most_relev_op
0,burner,state,burner,92702
1,township,court,township,92702
2,state,land,state,92702
3,nashvil,unit,lubben,92702
4,lubben,case,nashvil,92702
5,adea,burner,adea,92702
6,graff,township,repres,92702
7,repres,v,graff,92702
8,compani,compani,fund,92702
9,employe,bond,grant,92702
10,road,grant,employe,92702
11,bond,bank,claimant,92702
12,louisvil,nashvil,survey,92702
13,shotwel,lubben,shotwel,92702
14,juri,upon,bond,92702
15,sect,repres,louisvil,92702
16,grant,fund,land,92702
17,henningsen,act,payment,92702
18,survey,employe,governor,92702
19,land,said,henningsen,92702
20,sundberg,adea,sect,92702
21,court,payment,sundberg,92702
22,salamanca,§,bank,92702
23,bank,made,salamanca,92702
24,mexican,juri,guaranti,92702
25,schult,circuit,road,92702
26,trial,may,schult,92702
27,olaf,claimant,olaf,92702
28,employ,trial,lisbon,92702
29,lisbon,petit,blackmarket,92702
30,hitchcock,decre,hitchcock,92702
31,blackmarket,rep,petit,92702
32,boi,survey,juri,92702
33,contract,law,mexican,92702
34,motion,govern,subrog,92702
35,lorillard,graff,rep,92702
36,governor,sup,boi,92702
37,huebner,plaintiff,loui,92702
38,campaign,district,lorillard,92702
39,grante,contract,huebner,92702
40,subrog,right,hundr,92702
41,cap,constitut,grante,92702
42,chattanooga,u,treasur,92702
43,schwintzer,railroad,campaign,92702
44,voyag,ct,schwintzer,92702
45,§,congress,circuit,92702
46,minnesota,petition,cap,92702
47,rep,road,counsel,92702
48,judg,suit,trial,92702
49,1915,claim,chattanooga,92702
50,contractor,louisvil,consent,92702
51,depositor,governor,labor,92702
52,dass,counsel,dass,92702
53,licens,error,individu,92702
54,british,titl,caldwellvst,92702
55,confess,employ,unit,92702
56,petit,amend,15c,92702
57,le,shotwel,depositor,92702
58,archiv,motion,archiv,92702
59,caldwellvst,l,le,92702
60,garland,sect,garland,92702
61,counsel,labor,1915,92702
62,suit,appeal,nicol,92702
63,guaranti,1,employ,92702
64,15c,judg,h,92702
65,citizen,henningsen,british,92702
66,constitut,parti,subjoin,92702
67,nicol,guaranti,cald,92702
68,alabama,ed,elect,92702
69,circuit,offic,voyag,92702
70,elect,question,pomaron,92702
71,disclosur,individu,302,92702
72,error,hundr,compani,92702
73,subjoin,sundberg,confess,92702
74,cald,dismiss,sureti,92702
75,brig,loui,motion,92702
76,railroad,salamanca,amina,92702
77,pomaron,consent,minnesota,92702
78,cheroke,shall,brig,92702
79,confirm,c,contractor,92702
80,expend,us,govern,92702
81,dismiss,interest,concess,92702
82,amina,one,sup,92702
83,fund,judgment,claimanta,92702
84,brief,mexican,confirm,92702
85,decre,h,decre,92702
86,print,schult,bot,92702
87,offic,elect,disclosur,92702
88,claimanta,use,cheroke,92702
89,1813,olaf,returnvoyag,92702
90,v,lisbon,expend,92702
91,labor,treasur,1813,92702
92,bot,hitchcock,clive,92702
93,returnvoyag,present,resubmiss,92702
94,petition,mr,proctor,92702
95,clive,opinion,polit,92702
96,l,jurisdict,lisett,92702
97,congress,grante,licens,92702
98,sup,blackmarket,alabama,92702
99,resubmiss,proceed,judg,92702
100,bargain,4,cheve,92702
101,ask,sct,ask,92702
102,ed,justic,costs1,92702
103,1812,power,titl,92702
104,lisett,mortgag,made,92702
105,feder,subrog,map,92702
106,map,record,voucher,92702
107,proctor,2,1812,92702
108,act,boi,boesch,92702
109,cheve,defend,welfar,92702
110,enemi,see,print,92702
111,costs1,lorillard,hogg,92702
112,302,st,delictum,92702
113,voucher,term,caledonian,92702
114,polit,j,flsa,92702
115,1819,board,1831,92702
116,su,writ,dismiss,92702
117,1831,feder,inhabit,92702
118,ct,huebner,1819,92702
119,loui,licens,oppos,92702
120,1891,campaign,withi,92702
121,said,limit,railroad,92702
122,flsa,sureti,210211,92702
123,boesch,section,amend,92702
124,claim,confirm,compromis,92702
125,hogg,cap,forfeit,92702
126,caledonian,chattanooga,ryan,92702
127,delictum,schwintzer,7c,92702
128,ryan,confess,brief,92702
129,atti,public,suit,92702
130,certif,voyag,atti,92702
131,patent,contractor,april,92702
132,titl,held,bunn,92702
133,kansa,properti,bermuda,92702
134,withi,follow,firstmortgag,92702
135,mortgag,make,constitut,92702
136,210211,citizen,augustu,92702
137,compromis,minnesota,book,92702
138,appeal,april,princip,92702
139,7c,1915,congress,92702
140,counti,without,lmra,92702
141,cargo,author,enemi,92702
142,sureti,ask,ila,92702
143,bunn,depositor,1802,92702
144,claimant,british,st,92702
145,treasur,dass,delassu,92702
146,law,alabama,mortgag,92702
147,coupon,would,joseph,92702
148,mile,requir,certifi,92702
149,common,prosecut,danbi,92702
150,plaintiff,le,bargain,92702
151,bermuda,origin,29,92702
152,u,archiv,1891,92702
153,firstmortgag,caldwellvst,presumpt,92702
154,certiorari,garland,arpent,92702
155,plat,3,wheat,92702
156,district,pass,chisholm,92702
157,promis,issu,langdon,92702
158,augustu,polit,prosecut,92702
159,carrier,15c,302b,92702
160,judgment,5,141,92702
161,rehear,302,behalf,92702
162,lmra,therefor,statesvemholt,92702
163,union,brief,j,92702
164,unit,evid,bram,92702
165,divis,decis,16wick,92702
166,ila,respect,monday,92702
167,individu,patent,sloop,92702
168,delassu,provis,belli,92702
169,gen,file,severin,92702
170,limit,concess,qualifi,92702
171,arpent,nicol,plat,92702
172,danbi,given,lieutenantgovernor,92702
173,chisholm,money,jone,92702
174,h,purpos,4,92702
175,file,disclosur,cain,92702
176,langdon,subjoin,spencer,92702
177,loan,certif,loan,92702
178,payment,whether,su,92702
179,collis,cald,contract,92702
180,mari,time,pico,92702
181,302b,brig,14th,92702
182,texa,person,prairi,92702
183,railway,year,jonesvinterst,92702
184,bram,could,gen,92702
185,welfar,pomaron,volunt,92702
186,statesvemholt,construct,divis,92702
187,sloop,29,1846,92702
188,town,common,rehear,92702
189,notic,cheroke,emholt,92702
190,right,princip,decemb,92702
191,inhabit,argument,1890,92702
192,spencer,print,——no,92702
193,belli,show,fur,92702
194,16wick,expend,1803,92702
195,1802,amount,mari,92702
196,qualifi,provid,vacat,92702
197,jurisdict,book,iredel,92702
198,book,amina,advanc,92702
199,build,part,ct,92702
200,severin,pay,randolph,92702
201,estat,certifi,promis,92702
202,lieutenantgovernor,decemb,20wick,92702
203,summon,commission,citizen,92702
204,board,notic,bevin,92702
205,settlement,claimanta,purg,92702
206,hundr,1813,lamb,92702
207,power,action,enlarg,92702
208,jone,certain,helm,92702
209,pico,reason,11th,92702
210,usca,condit,coupon,92702
211,quantiti,bot,harrison,92702
212,prairi,map,clearmess,92702
213,1846,union,petitionervyangtsz,92702
214,1803,privat,726—their,92702
215,california,returnvoyag,legislation—act,92702
216,distil,inhabit,repel,92702
217,wheat,oppos,504179,92702
218,randolph,line,883,92702
219,infring,caus,imperfect,92702
220,crawford,atti,roland,92702
221,case,su,disqualifi,92702
222,govern,within,soulard,92702
223,jonesvinterst,clive,pass,92702
224,st,welfar,common,92702
225,fur,legislatur,lampburn,92702
226,price,articl,crawford,92702
227,disqualifi,behalf,§,92702
228,resid,11,origin,92702
229,amend,proctor,quantiti,92702
230,emholt,forfeit,expedient,92702
231,lamb,inform,245,92702
232,assess,trust,settlement,92702
233,iredel,resubmiss,newport,92702
234,herein,prohibit,renewa,92702
235,——no,presumpt,selja,92702
236,concess,secur,vallett,92702
237,purg,gener,kansa,92702
238,j,work,jure,92702
239,245,bargain,franchis,92702
240,883,two,1836,92702
241,advanc,loan,privat,92702
242,real,led,mcgrann,92702
243,1858,new,aris,92702
244,bevin,aris,sovereign,92702
245,trade,voucher,dehault,92702
246,20wick,1812,said,92702
247,newport,lisett,hazelton,92702
248,presumpt,order,distil,92702
249,made,except,collis,92702
250,roland,might,contraband,92702
251,expedient,possess,1858,92702
252,kan,compromis,grocer,92702
253,behalf,refer,718,92702
254,1836,b,nlra,92702
255,petitionervyangtsz,wheat,may,92702
256,legislation—act,cheve,summon,92702
257,726—their,consid,immun,92702
258,clearmess,taken,inadvert,92702
259,possess,enemi,argument,92702
260,504179,counti,graflund,92702
261,sct,costs1,know,92702
262,franchis,appel,jouett,92702
263,argument,estat,certif,92702
264,jure,1819,kan,92702
265,inform,answer,present,92702
266,monday,joseph,index,92702
267,lampburn,1831,district,92702
268,contraband,immun,mackay,92702
269,record,1891,acquit,92702
270,103,favor,1828,92702
271,know,legal,mile,92702
272,harrison,flsa,follow,92702
273,assembl,qualifi,cargo,92702
274,718,oblig,commenc,92702
275,vallett,boesch,offic,92702
276,renewa,vacat,carland,92702
277,selja,deliv,pinney,92702
278,c,hogg,department,92702
279,nlra,certiorari,prohibit,92702
280,inadvert,intent,limit,92702
281,mcgrann,respond,assembl,92702
282,interest,delictum,692,92702
283,request,caledonian,forfeitur,92702
284,grade,lien,rimer,92702
285,index,consider,pfitsch,92702
286,pledg,ryan,1917,92702
287,dehault,jone,legislatur,92702
288,foreign,settlement,c,92702
289,hazelton,divis,callan,92702
290,cain,bill,bergen,92702
291,692,commerc,103,92702
292,grocer,advanc,yangtsz,92702
293,verdict,co,folio,92702
294,repel,gen,inform,92702
295,instruct,e,hupper,92702
296,mackay,kansa,espedient,92702
297,department,submit,promptli,92702
298,servic,withi,term,92702
299,burn,done,434,92702
300,upon,subject,b,92702
301,twenti,6,favor,92702
302,usc,210211,englar,92702
303,prize,relat,978—but,92702
304,n,date,place—sect,92702
305,graflund,affirm,senat,92702
306,jouett,railway,forti,92702
307,section,applic,fremont,92702
308,work,7c,1978,92702
309,11th,enter,submit,92702
310,vacat,also,motu,92702
311,immun,w,224,92702
312,fifth,cargo,1077,92702
313,accordingli,rehear,1524,92702
314,asst,commenc,resum,92702
315,issu,object,wheaton,92702
316,writ,assign,mero,92702
317,surveyor,take,solicit,92702
318,opinion,must,herein,92702
319,construct,found,penros,92702
320,soulard,8,burn,92702
321,pinney,januari,kansasvwilson,92702
322,polic,r,respect,92702
323,help,141,bentsen,92702
324,29,due,209,92702
325,testimoni,franchis,superstructur,92702
326,defend,n,record,92702
327,consent,thu,bring,92702
328,carland,bunn,hunter,92702
329,wheaton,agreement,forego,92702
330,suppress,extend,violent,92702
331,submit,promis,famili,92702
332,commission,coupon,burlingham,92702
333,hunter,mile,parti,92702
334,prosecut,legisl,help,92702
335,revis,14th,extend,92702
336,acquit,februari,recit,92702
337,organ,bermuda,slightest,92702
338,trust,second,kelsey,92702
339,salt,real,1832,92702
340,steamship,firstmortgag,written,92702
341,forfeit,appear,rob,92702
342,fuller,plat,lie,92702
343,sullivan,1802,goodsil,92702
344,1857,contain,clifton,92702
345,albert,augustu,fortyfour,92702
346,solicit,carrier,rheinhart,92702
347,rob,first,prepar,92702
348,princip,serv,boiss,92702
349,callan,june,albert,92702
350,1832,lmra,sullivan,92702
351,414,statut,given,92702
352,sail,bring,copartn,92702
353,rimer,master,compuls,92702
354,certifi,entitl,certain,92702
355,pfitsch,17,necessarili,92702
356,bergen,offici,1824,92702
357,violent,know,kirlin,92702
358,eleventh,ila,pledg,92702
359,espedient,monday,compel,92702
360,yangtsz,either,11,92702
361,public,report,sioux,92702
362,age,quantiti,germani,92702
363,foreclosur,15,mason,92702
364,april,delassu,nolumu,92702
365,sioux,1890,drili,92702
366,commerc,think,intendantgener,92702
367,resum,march,salt,92702
368,fremont,addit,twenti,92702
369,1890,price,eliza,92702
370,captur,servic,interest,92702
371,imperfect,arpent,1,92702
372,co,brought,5013,92702
373,privat,adopt,folk,92702
374,hupper,ground,eleventh,92702
375,southern,complet,414,92702
376,14th,necessari,borton,92702
377,recit,danbi,grade,92702
378,us,assess,town,92702
379,proof,town,incumbr,92702
380,1828,senat,side,92702
381,februari,treati,hecht,92702
382,englar,compel,5970,92702
383,185,chisholm,equit,92702
384,perform,equiti,fuller,92702
385,addit,insur,harlan,92702
386,sovereign,side,5,92702
387,place—sect,anoth,1857,92702
388,978—but,texa,oblig,92702
389,twice,langdon,kneeland,92702
390,across,forfeitur,bernal,92702
391,1917,hear,185,92702
392,copartn,led2d,done,92702
393,4,collis,faith,92702
394,attorneygener,mari,smock,92702
395,germani,sovereign,mutar,92702
396,detent,302b,woodmanse,92702
397,1524,messr,fifti,92702
398,rhode,tax,half,92702
399,term,receiv,induc,92702
400,liberti,well,certiorari,92702
401,slightest,california,justic,92702
402,motu,day,mattern,92702
403,done,bram,prize,92702
404,16th,statesvemholt,twice,92702
405,oblig,sloop,167,92702
406,etc,circumst,attorneygener,92702
407,superstructur,tract,articl,92702
408,lien,fact,royal,92702
409,penros,enlarg,302c5,92702
410,kelsey,1846,therefor,92702
411,sold,relief,real,92702
412,mero,page,union,92702
413,relief,spencer,16th,92702
414,1914,written,asst,92702
415,libel,thing,pon,92702
416,leagu,complain,serv,92702
417,clifton,id,solicitorgener,92702
418,kansasvwilson,faith,offici,92702
419,fortyfour,confer,lancast,92702
420,mason,allow,perch,92702
421,bentsen,countri,thousand,92702
422,properti,belli,check,92702
423,burlingham,busi,infring,92702
424,insur,16wick,vacant,92702
425,negoti,approv,sail,92702
426,check,appli,greatli,92702
427,1978,usca,norwegian,92702
428,tennesse,build,steamship,92702
429,eliza,resid,vrooman,92702
430,goodsil,assembl,petition,92702
431,224,equit,surveyor,92702
432,rheinhart,cain,rosco,92702
433,1916,10,candi,92702
434,master,regul,annex,92702
435,boiss,severin,comn,92702
436,harlan,charg,surveyorgener,92702
437,aris,organ,alleghani,92702
438,evid,necessarili,ramsey,92702
439,memorandum,lieutenantgovernor,materialmen,92702
440,reduct,usc,musselman,92702
441,kirlin,summon,1833,92702
442,commiss,paid,lemieux,92702
443,62,245,repli,92702
444,june,last,condit,92702
445,lie,trade,ledger,92702
446,transfer,thereof,kennedi,92702
447,exclus,creat,beecher,92702
448,approv,volunt,tract,92702
449,territori,purchas,domain,92702
450,action,11th,vt,92702
451,associ,pico,suppress,92702
452,present,12,truth,92702
453,hecht,103,subterfug,92702
454,enlarg,return,arena,92702
455,folio,request,pio,92702
456,money,lie,bergh,92702
457,intendantgener,herein,min,92702
458,209,22,malon,92702
459,senat,thousand,forsyth,92702
460,anoth,prairi,januari,92702
461,drili,1917,howard,92702
462,nolumu,1803,menefe,92702
463,folk,verdict,spilman,92702
464,mr,latter,last,92702
465,tract,exclus,default,92702
466,royal,harrison,next,92702
467,volunt,good,rhode,92702
468,min,recit,money,92702
469,vii,exist,bellami,92702
470,5013,proof,fiftyfour,92702
471,comp,distil,woolsey,92702
472,lancast,prepar,board,92702
473,complain,suggest,notic,92702
474,borton,omit,shippen,92702
475,surplu,randolph,februari,92702
476,purpos,infring,across,92702
477,kneeland,testimoni,carl,92702
478,solicitorgener,crawford,errvc,92702
479,materi,protect,empressario,92702
480,141,jonesvinterst,addit,92702
481,comn,instruct,nakshian,92702
482,judici,full,hartnel,92702
483,5970,helm,gordon,92702
484,discrimin,fur,colon,92702
485,bernal,7,myer,92702
486,collector,octob,breviti,92702
487,vt,sign,follows——,92702
488,137,disqualifi,105107,92702
489,parti,examin,black,92702
490,smock,imperfect,thing,92702
491,woodmanse,1836,detent,92702
492,mutar,louisiana,complet,92702
493,secur,31,242,92702
494,w,execut,prick,92702
495,shall,emholt,essenti,92702
496,georgia,sever,adjoin,92702
497,complet,sold,1951,92702
498,myer,lamb,bernard,92702
499,525,hold,construct,92702
500,forsyth,foreign,6000,92702
501,heretofor,iredel,107109,92702
502,ramsey,deni,strickley,92702
503,voter,enforc,roger,92702
504,navig,——no,master,92702
505,387,final,show,92702
506,cogniz,territori,626c,92702
507,302c5,port,camfield,92702
508,proceed,purg,oneman,92702
509,ill,repel,bauer,92702
510,mattern,declar,confer,92702
511,person,famili,strengthen,92702
512,testifi,883,142,92702
513,pon,proper,leagu,92702
514,materialmen,next,451,92702
515,e,sole,preponder,92702
516,sovereignti,20,botsford,92702
517,105,1858,fifth,92702
518,perch,bevin,build,92702
519,well,wit,387,92702
520,black,20wick,e,92702
521,legal,civil,disclos,92702
522,ledger,argu,17,92702
523,remov,suffici,1914,92702
524,norwegian,essenti,wherea,92702
525,contain,fifth,525,92702
526,alleghani,testifi,busbi,92702
527,candi,word,offield,92702
528,ca,forego,cerro,92702
529,led2d,perform,trust,92702
530,rosco,newport,held,92702
531,preponder,regard,reduct,92702
532,eighteen,soulard,memorandum,92702
533,vessel,expedient,scale,92702
534,missouri,roland,adopt,92702
535,patente,kan,164,92702
536,wit,sum,cede,92702
537,beecher,clearmess,honor,92702
538,fidel,726—their,lien,92702
539,vrooman,petitionervyangtsz,gundl,92702
540,lra,legislation—act,1643,92702
541,special,half,etc,92702
542,pio,remand,razon,92702
543,justic,obtain,negoti,92702
544,adopt,504179,step,92702
545,38,establish,scholast,92702
546,forti,1978,datum,92702
547,island,call,12wick,92702
548,subterfug,check,297050,92702
549,carl,suppli,mitrailleus,92702
550,colon,judici,lra,92702
551,451,accord,liberti,92702
552,adjoin,collect,sole,92702
553,may,jure,fidel,92702
554,currenc,attorney,355,92702
555,lemieux,lampburn,umpir,92702
556,musselman,prescrib,qualif,92702
557,malon,dollar,upper,92702
558,arena,contraband,omit,92702
559,bernard,smith,age,92702
560,woolsey,accordingli,latter,92702
561,equit,etc,deadlock,92702
562,offici,failur,802421,92702
563,ann,inadvert,bond—11625—and,92702
564,fiftyfour,cent,1540904,92702
565,seiz,solicit,sent,92702
566,given,718,1907,92702
567,joseph,number,twentyf,92702
568,cranch,vallett,eighteen,92702
569,bergh,selja,foreclosur,92702
570,port,renewa,trade,92702
571,interst,default,sauber,92702
572,1077,black,trapp,92702
573,consid,deposit,exclusio,92702
574,origin,differ,454,92702
575,oppos,harlan,captur,92702
576,previou,decid,547,92702
577,suppli,effect,work,92702
578,might,acquit,vii,92702
579,caus,damag,jo,92702
580,167,nlra,alteriu,92702
581,menefe,1828,undersign,92702
582,spilman,p,1789,92702
583,new,mean,wick,92702
584,thing,twenti,expressio,92702
585,annex,conclus,genuin,92702
586,valu,224,13066,92702
587,shippen,find,steiguer,92702
588,week,chang,255,92702
589,bellami,languag,quartermast,92702
590,agreement,histori,histori,92702
591,1882,disclos,suppli,92702
592,wherea,express,legal,92702
593,1951,extent,contain,92702
594,louisiana,septemb,charl,92702
595,deposit,measur,7c2,92702
596,howard,transfer,appertain,92702
597,errvc,liberti,wallac,92702
598,stori,mcgrann,jurid,92702
599,1,209,uniu,92702
600,presid,induc,4th,92702
601,genuin,434,line,92702
602,indors,charl,previou,92702
603,provid,promptli,hornsbi,92702
604,incumbr,valid,countri,92702
605,breviti,remain,panic,92702
606,announc,acquir,measur,92702
607,hartnel,grade,accordingli,92702
608,empressario,presid,testifi,92702
609,settl,index,surplu,92702
610,condit,tennesse,intent,92702
611,wage,pledg,250,92702
612,nakshian,agre,dinham,92702
613,quartermast,dehault,origianl,92702
614,line,view,norman,92702
615,invoic,hazelton,bruce,92702
616,deed,everi,31,92702
617,pension,692,waiver,92702
618,appel,grocer,sign,92702
619,105107,offer,104,92702
620,part,settl,697,92702
621,subsect,help,conquest,92702
622,helm,accept,think,92702
623,prick,cite,mor,92702
624,sell,howard,sovereignti,92702
625,year,wall,writ,92702
626,strickley,commiss,nelson,92702
627,bauer,associ,towit,92702
628,camfield,intend,readi,92702
629,107109,mackay,refer,92702
630,oneman,3d,reversionari,92702
631,repli,department,11625,92702
632,tax,posit,supplymen,92702
633,626c,direct,concurr,92702
634,botsford,burn,messr,92702
635,valid,revis,previous,92702
636,seventh,forti,toma,92702
637,applic,fuller,stori,92702
638,commenc,say,137,92702
639,respond,expens,patente,92702
640,1907,negoti,carsten,92702
641,therefor,prize,edward,92702
642,war,eleventh,june,92702
643,produc,graflund,often,92702
644,11,jouett,euqiti,92702
645,legislatur,previou,proceed,92702
646,daili,polic,3d,92702
647,busi,never,stroke,92702
648,treasuri,oper,mccarter,92702
649,prepar,f2d,deliv,92702
650,towit,southern,22,92702
651,paul,repli,crowd,92702
652,576,asst,request,92702
653,arriv,mason,1916,92702
654,offield,surveyor,tennesse,92702
655,busbi,situat,weber,92702
656,appertain,place,logic,92702
657,forfeitur,pinney,utica,92702
658,walker,9,seventi,92702
659,cerro,fifti,organ,92702
660,requir,way,2,92702
661,induc,dispos,haskel,92702
662,remand,like,1880,92702
663,umpir,definit,wage,92702
664,sent,carland,flynn,92702
665,oklahoma,wheaton,576,92702
666,entri,truth,633a,92702
667,bruce,suppress,daili,92702
668,gundl,disput,beforehand,92702
669,gordon,consequ,ulterior,92702
670,legisl,hunter,linn,92702
671,1643,base,ca,92702
672,nlrb,1824,week,92702
673,written,attorneygener,ligat,92702
674,adjourn,24,heretofor,92702
675,undersign,185,railway,92702
676,invent,salt,62,92702
677,434,remov,highland,92702
678,promptli,boundari,customhous,92702
679,kennedi,steamship,sept,92702
680,razon,comp,311,92702
681,one,burden,kidd,92702
682,datum,resum,ed,92702
683,scholast,25,contribut,92702
684,without,annex,strong,92702
685,deadlock,discharg,ill,92702
686,next,wage,creat,92702
687,step,sullivan,adjourn,92702
688,provis,age,cogniz,92702
689,20,62,needless,92702
690,forego,1857,1882,92702
691,297050,167,almost,92702
692,mitrailleus,crimin,650,92702
693,12wick,albert,septemb,92702
694,like,rob,use,92702
695,take,subsequ,oversight,92702
696,famili,includ,error,92702
697,g,38,currenc,92702
698,treat,citi,mesarosh,92702
699,norman,sent,subdeleg,92702
700,disput,folio,w,92702
701,r,similar,opinion,92702
702,previous,callan,right,92702
703,5,name,186,92702
704,3d,1832,commission,92702
705,charg,414,goven,92702
706,peac,sail,spanish,92702
707,wick,rimer,smith,92702
708,jurid,merit,make,92702
709,knowledg,pfitsch,secrib,92702
710,side,guilti,representative6,92702
711,trapp,institut,nr4908,92702
712,sept,bergen,statute—ani,92702
713,expens,violent,netoti,92702
714,1540904,domain,rare3,92702
715,bond—11625—and,ca,ja,92702
716,802421,step,treati,92702
717,see,rule,1051,92702
718,unlaw,sale,15a,92702
719,regul,compens,1805,92702
720,1860,ex,suabil,92702
721,disclos,member,moreno,92702
722,conquest,revers,1946,92702
723,termin,permit,339,92702
724,default,demand,pretens,92702
725,exclusio,espedient,633ac,92702
726,usag,rest,answer,92702
727,day,yangtsz,chamberlainvst,92702
728,104,suprem,obnd,92702
729,statut,holder,transrer,92702
730,attent,materi,organized—on,92702
731,alteriu,collector,claim,92702
732,sauber,foreclosur,693,92702
733,found,unless,recover,92702
734,expressio,compuls,signatur,92702
735,final,sioux,unfortun,92702
736,follow,support,comr,92702
737,crowd,previous,suggest,92702
738,degre,alon,borrador,92702
739,reenact,fremont,divest,92702
740,follows——,captur,expenditur,92702
741,instrument,special,sutter,92702
742,imparti,slightest,deput,92702
743,margin,39,anomal,92702
744,693,hupper,representative2,92702
745,1976,1077,robinsonransbottom,92702
746,seattl,ill,employees—it,92702
747,amount,paper,sink,92702
748,uniu,principl,105,92702
749,merit,owner,614,92702
750,f2d,104,customari,92702
751,pay,absenc,pala,92702
752,697,creditor,voter,92702
753,13066,form,monterey,92702
754,steiguer,novemb,nevertheless,92702
755,convey,55,acquist,92702
756,civil,total,exclus,92702
757,question,englar,seattl,92702
758,hornsbi,kennedi,invoic,92702
759,panic,six,676,92702
760,make,edward,middleport,92702
761,650,washington,solvenc,92702
762,2,contribut,alon,92702
763,614,letter,406408,92702
764,impair,levi,abovedescrib,92702
765,pass,place—sect,125,92702
766,7c2,978—but,correspond,92702
767,group,twice,1174,92702
768,logic,instrument,charlott,92702
769,comr,incorpor,186b,92702
770,inspect,termin,whilst,92702
771,mor,across,date,92702
772,due,copartn,prejud,92702
773,polici,mention,everyday,92702
774,truth,incumbr,weed,92702
775,6000,germani,6th,92702
776,treati,waiver,unheard,92702
777,reversionari,detent,652,92702
778,lot,1524,55,92702
779,serv,rhode,failur,92702
780,find,royal,second,92702
781,segreg,observ,dudley,92702
782,adequ,produc,usag,92702
783,fifti,motu,conway,92702
784,652,attempt,asso,92702
785,candid,charact,hr3020,92702
786,217,16th,4813,92702
787,bring,100,subsect,92702
788,upper,read,lowel,92702
789,dinham,superstructur,trace,92702
790,origianl,penros,80th,92702
791,sink,kelsey,assign,92702
792,weber,mero,reenact,92702
793,assign,sell,lui,92702
794,convict,1914,tube,92702
795,1824,libel,definit,92702
796,last,242,pension,92702
797,agre,depend,imparti,92702
798,wallac,leagu,cautiou,92702
799,toma,even,macdougal,92702
800,recover,clifton,themselves7,92702
801,countri,kansasvwilson,payments1,92702
802,spanish,delay,margin,92702
803,total,often,hubbard,92702
804,1881,fortyfour,either,92702
805,177,bentsen,total,92702
806,1789,period,consid,92702
807,nelson,carri,dougal,92702
808,juli,greatli,connor,92702
809,immedi,g,undoubtedli,92702
810,supplymen,16,shingl,92702
811,11625,burlingham,trustproperti,92702
812,purchas,mani,donnel,92702
813,mean,believ,pay,92702
814,certain,go,1085,92702
815,articl,reli,1055,92702
816,oversight,liabil,265,92702
817,document,1907,serg,92702
818,mccarter,eliza,reev,92702
819,1864,cours,hardli,92702
820,needless,aid,1860,92702
821,hear,roger,extent,92702
822,flynn,wallac,claytor,92702
823,gener,controversi,manhattan,92702
824,edward,benefit,wilshir,92702
825,affirm,less,pratt,92702
826,portland,qualif,503,92702
827,necessari,prior,38,92702
828,1805,copi,38a,92702
829,page,violat,irwin,92702
830,discharg,142,okla,92702
831,enter,goodsil,consider,92702
832,hamilton,impair,texa,92702
833,haskel,rheinhart,cambuston,92702
834,cooper,1916,castro,92702
835,22,hand,gibb,92702
836,six,boiss,4372,92702
837,579,york,antonio,92702
838,ky,set,anima,92702
839,utica,laid,veto,92702
840,stroke,memorandum,laid,92702
841,voluntari,appropri,ringshap,92702
842,linn,wherea,174a,92702
843,27th,vacant,1217,92702
844,object,award,whenev,92702
845,carsten,reduct,217,92702
846,guilt,kirlin,attent,92702
847,safe,depart,consumpt,92702
848,holder,bound,978,92702
849,1867,describ,349,92702
850,languag,admit,opa,92702
851,machin,451,individuals5,92702
852,held,vest,302g,92702
853,cir,stat,15,92702
854,highland,depriv,denomin,92702
855,mckenna,164,port,92702
856,decemb,honor,gradual,92702
857,equiti,juli,announc,92702
858,close,19,formal,92702
859,tube,avail,enabl,92702
860,say,hecht,wiper,92702
861,januari,cost,provinc,92702
862,thu,stori,4746,92702
863,kidd,knowledg,imped,92702
864,burden,interpret,98,92702
865,consumpt,1833,nash,92702
866,euqiti,intendantgener,portland,92702
867,creditor,enabl,without,92702
868,26th,statement,mislead,92702
869,domain,1951,apptsvunit,92702
870,——,patente,inviol,92702
871,ulterior,drili,vacanc,92702
872,collect,nolumu,39,92702
873,44,27,408409,92702
874,98,folk,segreg,92702
875,judiciari,1st,lima,92702
876,would,entri,besid,92702
877,beforehand,sinc,mac,92702
878,sutter,355,seventh,92702
879,ja,gordon,candid,92702
880,signatur,35,181a,92702
881,institut,suppos,sylvest,92702
882,1880,war,579,92702
883,antonio,min,approv,92702
884,messr,105,octob,92702
885,1872,250,overceil,92702
886,return,adjoin,2523,92702
887,liabil,exercis,1171,92702
888,attorney,vii,declares—that,92702
889,contribut,5013,158b4b,92702
890,go,seem,carlo,92702
891,relat,give,27th,92702
892,omit,lancast,secur,92702
893,use,borton,number,92702
894,matur,surplu,anoth,92702
895,damag,kneeland,3024,92702
896,committe,387,1956,92702
897,1974,solicitorgener,clement,92702
898,633a,mine,case,92702
899,expenditur,usual,incorpor,92702
900,moreno,4th,absenc,92702
901,half,far,degre,92702
902,improvid,comn,diseno,92702
903,enforc,1789,thu,92702
904,39,14,spirit,92702
905,15a,5970,holder,92702
906,examin,98,nine,92702
907,trace,august,cranch,92702
908,541,discrimin,constantli,92702
909,ligat,compet,relat,92702
910,unpaid,admiss,buck,92702
911,wisconsin,cede,970,92702
912,jo,formal,26th,92702
913,prejud,bernal,8b4d,92702
914,procedur,inspect,appreci,92702
915,primari,255,transgress,92702
916,1874,reserv,might,92702
917,surveyorgener,surveyorgener,full,92702
918,compuls,furnish,12th,92702
919,controversi,former,solvent,92702
920,prohibit,vt,taken,92702
921,503,137,accuraci,92702
922,31,receipt,han,92702
923,extend,concurr,walker,92702
924,ten,30,paul,92702
925,charlott,smock,upon,92702
926,gray,mutar,simpson,92702
927,levi,woodmanse,828,92702
928,mesarosh,indors,541,92702
929,subdeleg,equal,gilfillan,92702
930,monterey,week,rival,92702
931,fenc,georgia,eighteenth,92702
932,cent,myer,655,92702
933,hubbard,follows——,waldman,92702
934,owner,525,7th,92702
935,disburs,forsyth,2904,92702
936,35,heretofor,six,92702
937,chang,ramsey,revis,92702
938,deput,voter,insignific,92702
939,thereof,close,fenc,92702
940,mexico,navig,suretyship,92702
941,80th,1882,document,92702
942,spirit,document,nobl,92702
943,citi,1880,vain,92702
944,profession,loss,mckenna,92702
945,weed,cogniz,topeka,92702
946,1833,302c5,impair,92702
947,essenti,affect,8a2,92702
948,conway,nation,public,92702
949,dudley,mattern,matur,92702
950,suabil,true,ky,92702
951,58,stipul,observ,92702
952,commonlaw,natur,relief,92702
953,connor,herebi,jose,92702
954,goven,degre,recent,92702
955,annuiti,pon,annuiti,92702
956,solvenc,materialmen,congrec,92702
957,debtor,announc,petitionervjoseph,92702
958,decis,strong,est,92702
959,suggest,sovereignti,ditch,92702
960,pratt,de,ident,92702
961,asso,spanish,gray,92702
962,netoti,perch,864,92702
963,rare3,nelson,8b4b,92702
964,statute—ani,ledger,slow,92702
965,nr4908,control,903934,92702
966,representative6,prevent,petiticn,92702
967,secrib,norwegian,individaul,92702
968,1948,specif,hansvstat,92702
969,la,alleghani,protector,92702
970,355,readi,106,92702
971,irwin,candi,correl,92702
972,lowel,attent,reddick,92702
973,supp,continu,privatesector,92702
974,mcreynold,44,southern,92702
975,imped,plain,boundari,92702
976,17,whenev,502,92702
977,hard,account,dillon,92702
978,abovedescrib,rosco,berlin,92702
979,mislead,preponder,unreport,92702
980,633ac,clear,nlrb,92702
981,chamberlainvst,investig,boy,92702
982,transrer,event,inspect,92702
983,organized—on,6000,exampl,92702
984,obnd,valu,ayer,92702
985,vacanc,eighteen,124,92702
986,two,vessel,dispos,92702
987,1174,missouri,100,92702
988,34,twentyf,ame,92702
989,latter,immedi,1250000,92702
990,answer,treasuri,kept,92702
991,vacant,beecher,disburs,92702
992,incom,fidel,lawton,92702
993,absenc,scale,confirmatori,92702
994,borrador,vrooman,1879,92702
995,265,lra,thrown,92702
996,veto,ad,exagger,92702
997,everyday,pio,302a,92702
998,255,547,adopted—an,92702
999,ditch,almost,87500,92702
