,top_words,top_words_from_mean,top_words_from_diff,most_relev_op
0,okl,state,indian,106170
1,tribal,court,land,106170
2,vessel,land,allot,106170
3,burn,indian,tribal,106170
4,indian,§,okl,106170
5,habea,v,state,106170
6,collar,allot,burn,106170
7,trucke,patent,collar,106170
8,switch,unit,§,106170
9,deport,act,patent,106170
10,cross,case,trucke,106170
11,aedpa,law,habea,106170
12,grayham,tribal,switch,106170
13,dickson,okl,grayham,106170
14,hyde,vessel,aedpa,106170
15,pyramid,burn,tribe,106170
16,traver,u,deport,106170
17,madison,right,cross,106170
18,allot,interst,dickson,106170
19,water,habea,hyde,106170
20,state,upon,pyramid,106170
21,goodman,collar,oklahoma,106170
22,klan,defend,traver,106170
23,block,tribe,vessel,106170
24,cargo,trucke,klan,106170
25,land,cross,allotte,106170
26,patent,tax,madison,106170
27,busi,switch,goodman,106170
28,pad,commerc,interst,106170
29,bogu,deport,pad,106170
30,dilla,oklahoma,bogu,106170
31,bohal,claim,block,106170
32,port,counti,dilla,106170
33,invent,aedpa,bohal,106170
34,alien,grayham,intimid,106170
35,richardson,l,2254,106170
36,intimid,dickson,spring,106170
37,2254,hyde,richardson,106170
38,lake,titl,alien,106170
39,spring,power,car,106170
40,oklahoma,pyramid,patente,106170
41,solicitor,may,nevada,106170
42,nevada,petition,cargo,106170
43,petition,traver,solicitor,106170
44,tribe,car,commerc,106170
45,§,allotte,lindh,106170
46,lindh,busi,1809,106170
47,car,madison,lake,106170
48,garceau,klan,garceau,106170
49,blood,water,water,106170
50,commiss,us,blood,106170
51,nonmemb,goodman,invent,106170
52,nonindian,plaintiff,nonindian,106170
53,commerc,constitut,nonmemb,106170
54,minor,sct,fee,106170
55,color,within,port,106170
56,allotte,alien,epp,106170
57,leas,usc,usc,106170
58,interst,rep,color,106170
59,resid,ed,crosscomplaint,106170
60,epp,block,resid,106170
61,railroad,counsel,minor,106170
62,counti,sup,hammond,106170
63,crosscomplaint,cargo,counti,106170
64,corpor,fee,woodvunit,106170
65,hammond,shall,longs’,106170
66,track,district,richmond,106170
67,bank,pad,busi,106170
68,pauperi,bogu,horsecollar,106170
69,kansa,convict,mixedblood,106170
70,woodvunit,crimin,convict,106170
71,immigr,resid,broadwellvboard,106170
72,sail,author,2245599,106170
73,longs’,dilla,crimin,106170
74,tax,see,3006ac,106170
75,law,judgment,maysack,106170
76,horsecollar,bohal,pauperi,106170
77,mixedblood,mr,tworol,106170
78,richmond,ct,405a,106170
79,forma,1,roll,106170
80,broadwellvboard,spring,counsel,106170
81,2245599,intimid,sail,106170
82,preemption,gener,improv,106170
83,maysack,port,leas,106170
84,3006ac,solicitor,mcvay,106170
85,plaintiff,patente,immigr,106170
86,1809,invent,forma,106170
87,405a,richardson,titl,106170
88,tworol,file,pullman,106170
89,power,opinion,garrard,106170
90,load,lake,182423,106170
91,pardon,2254,3006a,106170
92,pullman,nevada,app,106170
93,unit,provid,2254d,106170
94,mcvay,provis,pardon,106170
95,convict,proceed,virginia,106170
96,river,jurisdict,load,106170
97,corpu,use,civil,106170
98,garrard,bill,acr,106170
99,note,person,long,106170
100,182423,co,track,106170
101,2254d,congress,singlerol,106170
102,roll,appeal,sweatpad,106170
103,3006a,question,ayr,106170
104,counsel,justic,preemption,106170
105,virginia,properti,ku,106170
106,ayr,said,kansa,106170
107,long,note,klux,106170
108,fee,applic,curv,106170
109,sweatpad,respond,bank’,106170
110,singlerol,leas,ratliff,106170
111,curv,one,local,106170
112,court,civil,absolut,106170
113,defend,feder,marriag,106170
114,freight,1809,ardmor,106170
115,absolut,improv,glaze,106170
116,bank’,grant,unit,106170
117,marriag,color,rittenhous,106170
118,ratliff,appel,robert,106170
119,crimin,minor,petersburg,106170
120,1979,virginia,preston,106170
121,crime,lindh,equit,106170
122,preston,local,mcfarland,106170
123,landoffic,2,1979,106170
124,premis,blood,gunboat,106170
125,montana,commiss,241a4,106170
126,carter,would,carter,106170
127,patente,railroad,exclud,106170
128,ardmor,garceau,1952,106170
129,act,bank,intrast,106170
130,settlement,statut,landoffic,106170
131,glaze,led,arcata,106170
132,rittenhous,nonmemb,corpu,106170
133,rep,nonindian,stowaway,106170
134,petersburg,part,montana,106170
135,usc,citi,foreign,106170
136,california,regul,241a1,106170
137,movement,river,rep,106170
138,1952,id,law,106170
139,mcfarland,corpor,movement,106170
140,taxat,year,galbraith,106170
141,right,long,susan,106170
142,stay,california,newland,106170
143,gunboat,acr,2254e1,106170
144,241a4,foreign,beatric,106170
145,equit,epp,premis,106170
146,termin,motion,williamsburg,106170
147,tariff,date,california,106170
148,v,deed,kenneth,106170
149,applic,protect,encumbr,106170
150,arcata,appli,upstream,106170
151,louisiana,crosscomplaint,scott,106170
152,stowaway,circuit,power,106170
153,acr,track,teleg,106170
154,ship,kansa,river,106170
155,probat,decre,taxat,106170
156,homestead,hammond,choctaw,106170
157,susan,could,exert,106170
158,feder,richmond,ada,106170
159,beatric,possess,convincingli,106170
160,241a1,permit,michael,106170
161,kentucki,app,permit,106170
162,1920,time,turpitud,106170
163,galbraith,condit,black,106170
164,affidavit,except,nonintercours,106170
165,compani,action,bishop,106170
166,newland,govern,restrict,106170
167,2254e1,subject,vinson,106170
168,gener,order,ballast,106170
169,michael,compani,intercours,106170
170,williamsburg,pauperi,within,106170
171,teleg,immigr,consigne,106170
172,titl,roll,28th,106170
173,deed,made,specif,106170
174,upstream,convey,rosenberg,106170
175,253,woodvunit,settlement,106170
176,intercours,taxat,tribe’,106170
177,bishop,sail,note,106170
178,possess,two,nontax,106170
179,scott,absolut,freight,106170
180,ada,longs’,date,106170
181,constitut,3,chickasaw,106170
182,id,equit,253,106170
183,turpitud,trial,right,106170
184,l,first,stay,106170
185,exert,fact,1920,106170
186,vacat,horsecollar,1251,106170
187,charter,mixedblood,tariff,106170
188,foreign,specif,homestead,106170
189,convincingli,forma,bass,106170
190,u,section,compuls,106170
191,vinson,premis,famili,106170
192,nonintercours,corpu,clasp,106170
193,restrict,preemption,u,106170
194,local,robert,2251,106170
195,28th,exclud,blackmail,106170
196,ed,rule,fore,106170
197,sct,broadwellvboard,susannah,106170
198,prima,2245599,dakota,106170
199,voyag,maysack,discrimin,106170
200,ballast,3006ac,clinton,106170
201,rosenberg,also,unpersuas,106170
202,file,load,evict,106170
203,bond,respect,enrol,106170
204,chickasaw,exist,perman,106170
205,faci,relief,misc,106170
206,kenneth,405a,prima,106170
207,nontax,tworol,project,106170
208,assess,without,civilian,106170
209,john,effect,termin,106170
210,fifth,stat,truskett,106170
211,tribe’,pullman,tirey,106170
212,enrol,pardon,darneal,106170
213,case,mcvay,convey,106170
214,1868,crime,cheroke,106170
215,justic,charg,fifth,106170
216,age,restrict,engug,106170
217,lien,marriag,richmondvth,106170
218,improv,held,relief,106170
219,1917,4,crime,106170
220,misc,instruct,probat,106170
221,trial,p,ditch,106170
222,sup,ship,42d,106170
223,project,amend,pac,106170
224,appel,evid,devant,106170
225,bass,suprem,hook,106170
226,1251,discrimin,faci,106170
227,entri,garrard,shaughnessi,106170
228,georg,trust,1871,106170
229,civilian,182423,comr,106170
230,fore,violat,baliast,106170
231,choctaw,prior,applic,106170
232,henri,2254d,crossburn,106170
233,appeal,involv,1101,106170
234,blackmail,3006a,todd,106170
235,clasp,j,primafacieevid,106170
236,ditch,secur,condit,106170
237,2251,r,hinderlid,106170
238,instruct,decis,——,106170
239,susannah,juri,seek,106170
240,marshal,ayr,protect,106170
241,civil,settlement,ward,106170
242,sentenc,intrast,partli,106170
243,releas,writ,vacat,106170
244,condit,1979,otherwis,106170
245,citi,sweatpad,eighteen,106170
246,assist,singlerol,love,106170
247,clinton,freight,van,106170
248,dakota,curv,id,106170
249,us,ku,file,106170
250,person,purpos,kentucki,106170
251,hundr,sentenc,twentyon,106170
252,ct,claimant,releas,106170
253,cong,klux,1868,106170
254,hook,otherwis,screw,106170
255,protect,new,explor,106170
256,depart,place,1908,106170
257,order,limit,boud,106170
258,seizur,bank’,burden,106170
259,statut,1952,deed,106170
260,philadelphia,ratliff,interior,106170
261,truskett,black,plata,106170
262,darneal,follow,voyag,106170
263,tirey,therefor,georgia,106170
264,discrimin,entri,marshal,106170
265,unpersuas,carter,violenc,106170
266,richmondvth,montana,art,106170
267,engug,preston,marcello,106170
268,todd,landoffic,age,106170
269,42d,find,sisseton,106170
270,1101,continu,provis,106170
271,1908,reason,759,106170
272,author,hold,sup,106170
273,permit,ardmor,reconsider,106170
274,jame,februari,419,106170
275,shaughnessi,error,ship,106170
276,judgment,c,affidavit,106170
277,properti,express,elast,106170
278,baliast,movement,389,106170
279,twentyon,member,bohallvdilla,106170
280,comr,glaze,mattol,106170
281,respond,rittenhous,rother,106170
282,consigne,petersburg,plural,106170
283,crossburn,5,1917,106170
284,devant,issu,okla,106170
285,interior,termin,prior,106170
286,ku,alleg,cover,106170
287,mr,8,omara,106170
288,sale,petit,622,106170
289,primafacieevid,prohibit,appli,106170
290,hinderlid,reserv,winkler,106170
291,provid,marshal,disapprov,106170
292,screw,legisl,emphasi,106170
293,transport,burden,exist,106170
294,specif,contract,constitut,106170
295,congress,mcfarland,min,106170
296,intrast,seek,f3d,106170
297,reconsider,privileg,concract,106170
298,assign,kentucki,eding,106170
299,explor,fifth,compact,106170
300,f3d,basi,criteria,106170
301,continu,stay,messag,106170
302,love,mean,facto,106170
303,request,gunboat,harisiad,106170
304,1865,scott,unconstitut,106170
305,exclud,consider,jame,106170
306,klux,241a4,februari,106170
307,upon,affirm,version,106170
308,64,request,828,106170
309,evict,depart,mcclain,106170
310,legisl,bond,295,106170
311,depriv,tariff,wale,106170
312,burden,john,1915,106170
313,led,georgia,philadelphia,106170
314,use,vacat,commerci,106170
315,declaratori,louisiana,gener,106170
316,certiorari,usca,land”,106170
317,facto,enact,rel,106170
318,half,dissent,reverend,106170
319,messr,probat,prejudice—januari,106170
320,759,arcata,1914—say,106170
321,plata,supra,henri,106170
322,boud,1920,south,106170
323,shipper,offic,request,106170
324,regul,howev,inter,106170
325,commerci,intent,entri,106170
326,servic,6,britain,106170
327,ex,exert,instruct,106170
328,622,stowaway,bruno,106170
329,criteria,homestead,indirectli,106170
330,see,anoth,basi,106170
331,basi,susan,adequ,106170
332,r,leav,l,106170
333,marcello,includ,g,106170
334,govern,complaint,believ,106170
335,secur,famili,converi,106170
336,compuls,affidavit,washo,106170
337,disapprov,nation,involv,106170
338,britain,cover,cong,106170
339,sisseton,beatric,five,106170
340,district,interest,overbreadth,106170
341,remand,241a1,rs,106170
342,action,messr,regul,106170
343,claim,art,suspensori,106170
344,828,perman,64,106170
345,fourteenth,galbraith,redress,106170
346,elast,refer,weill,106170
347,okla,answer,orr,106170
348,seven,consigne,declaratori,106170
349,rate,18,com,106170
350,co,deni,femal,106170
351,plural,term,classic,106170
352,memorandum,newland,amelia,106170
353,art,releas,trunk,106170
354,——,choctaw,1865,106170
355,redress,appelle,freedmen,106170
356,encumbr,2254e1,cal,106170
357,app,encumbr,elliott,106170
358,disallow,conduct,1815,106170
359,alleg,control,seizur,106170
360,cheroke,sale,wyom,106170
361,leav,show,retrospect,106170
362,shall,ordin,continu,106170
363,cattl,kenneth,1814,106170
364,bohallvdilla,origin,conduc,106170
365,rother,servic,twentyf,106170
366,mattol,michael,claim,106170
367,version,contend,ginsburg,106170
368,omara,believ,monro,106170
369,within,williamsburg,enact,106170
370,winkler,territori,disallow,106170
371,excus,south,provid,106170
372,messag,jame,bound,106170
373,octob,teleg,act,106170
374,writ,given,male,106170
375,south,interior,462,106170
376,juri,upstream,doubl,106170
377,militari,remand,apptvc,106170
378,wyom,253,nonfrivol,106170
379,prison,intercours,elsewher,106170
380,trust,whether,major,106170
381,otherwis,28th,possess,106170
382,com,march,leav,106170
383,cal,point,justic,106170
384,mcclain,project,325,106170
385,462,pac,claimant,106170
386,harisiad,individu,2008,106170
387,eding,bishop,consig,106170
388,concract,five,symbol,106170
389,40,27,ralli,106170
390,usca,execut,oneeighth,106170
391,infring,paid,contest,106170
392,remedi,ada,partial,106170
393,wale,25,cattl,106170
394,va,20,175,106170
395,subsect,bound,contend,106170
396,cir,dakota,privileg,106170
397,femal,assess,georg,106170
398,sess,g,reserv,106170
399,rs,april,preaedpa,106170
400,subject,major,1810,106170
401,vol,present,conlan,106170
402,train,second,ial,106170
403,retrospect,declar,27,106170
404,1967,turpitud,hohn,106170
405,pac,28,arguello,106170
406,section,make,memorandum,106170
407,amend,led2d,prohibit,106170
408,defens,1871,crawford,106170
409,reverend,charter,leml,106170
410,except,sustain,653,106170
411,land”,convincingli,stanford,106170
412,male,punish,feme,106170
413,georgia,vinson,portsmouth,106170
414,389,nonintercours,521,106170
415,bruno,requir,1872,106170
416,66,entitl,half,106170
417,elsewher,suffici,quinbi,106170
418,owe,consid,ancestor,106170
419,crawford,thu,pinkney,106170
420,heard,ground,va,106170
421,2008,suit,congglob,106170
422,prejudice—januari,commission,ban,106170
423,1914—say,10,previou,106170
424,robert,certain,band,106170
425,partial,octob,excus,106170
426,ward,offens,assist,106170
427,moral,prima,taho,106170
428,ordin,unconstitut,vol,106170
429,orlean,voyag,threequart,106170
430,provis,ballast,yakima,106170
431,michigan,certiorari,subsect,106170
432,compact,rosenberg,157159,106170
433,1887,peopl,relev,106170
434,merit,f,afford,106170
435,orr,enrol,member,106170
436,settler,hundr,8th,106170
437,overbreadth,decemb,singl,106170
438,1814,chickasaw,seven,106170
439,295,legal,distant,106170
440,devic,must,encircl,106170
441,appelle,age,159161,106170
442,black,remedi,ortmay,106170
443,said,claus,blewett,106170
444,classic,seizur,plot,106170
445,inter,prove,covert,106170
446,prove,faci,estrada,106170
447,question,cheroke,facial,106170
448,entitl,determin,sleep,106170
449,financi,exercis,reclam,106170
450,oct,appoint,sioux,106170
451,date,found,1957,106170
452,decre,van,messr,106170
453,freedmen,——,hundr,106170
454,refer,assist,ideolog,106170
455,intent,compuls,422,106170
456,evid,nontax,author,106170
457,422,commerci,palac,106170
458,converi,secretari,express,106170
459,lot,connect,incompet,106170
460,washo,lien,trust,106170
461,doubl,cong,ago—on,106170
462,senat,adequ,1182a18,106170
463,amelia,impos,pardon1,106170
464,1871,tribe’,carasan,106170
465,time,rel,403a13,106170
466,trunk,money,respect,106170
467,speech,purchas,motion,106170
468,weill,1868,ronni,106170
469,polic,attorney,1107,106170
470,suspensori,19,derbi,106170
471,five,illinoi,exccept,106170
472,perman,1917,nowata,106170
473,curiam,misc,statu,106170
474,carrier,construct,settler,106170
475,van,enforc,hors,106170
476,289,differ,peopl,106170
477,univers,ward,ed,106170
478,ancestor,award,depot,106170
479,depot,establish,279,106170
480,secretari,sever,moral,106170
481,419,bass,fletcher,106170
482,conduc,1251,moor,106170
483,tion,revers,—,106170
484,father,evict,owe,106170
485,8,appear,12th,106170
486,threat,caus,john,106170
487,proceed,remov,epidem,106170
488,death,georg,see,106170
489,februari,civilian,trigger,106170
490,moor,capit,kershner,106170
491,oil,26,prejudic,106170
492,abil,oper,p,106170
493,prejudic,clinton,cade,106170
494,peopl,emphasi,closser,106170
495,remov,fore,apptsvfr,106170
496,individu,ex,289,106170
497,jurisdict,payment,1812,106170
498,distant,report,hooper,106170
499,nonfrivol,henri,ruffin,106170
500,usag,per,humboldt,106170
501,ga,possibl,cheyenn,106170
502,suprem,assign,gustav,106170
503,oneeighth,1908,512,106170
504,violat,64,intermarriag,106170
505,175,unpersuas,25,106170
506,claus,blackmail,cherri,106170
507,seiz,clasp,259700,106170
508,1862,direct,267011,106170
509,20,ditch,thereon,106170
510,apptvc,transport,1967,106170
511,immun,even,parcel,106170
512,symbol,2251,threat,106170
513,rel,depriv,postaedpa,106170
514,circuit,special,intermarri,106170
515,lade,susannah,novelti,106170
516,feme,think,opinion,106170
517,paid,pass,40,106170
518,p,consent,louisiana,106170
519,point,devant,bogg,106170
520,reclam,decid,two,106170
521,northern,view,tram,106170
522,ralli,violenc,proscrib,106170
523,prohibit,concur,absent,106170
524,25,comr,repealed2,106170
525,enact,might,66,106170
526,daughter,thereon,241d,106170
527,offici,eighteen,proceed,106170
528,partli,curiam,wickliff,106170
529,portsmouth,militari,except,106170
530,relief,say,appel,106170
531,consig,40,abil,106170
532,facial,refus,status,106170
533,convey,enter,preemptor,106170
534,18,extend,rivet,106170
535,privileg,done,cope,106170
536,appli,relev,803,106170
537,f2d,philadelphia,merc,106170
538,stanford,period,dyke,106170
539,attach,hook,mcneill,106170
540,eighteen,partli,dissect,106170
541,custom,argument,charleston,106170
542,arguello,januari,montana’,106170
543,preaedpa,todd,nondeport,106170
544,rule,class,live,106170
545,conlan,line,shipper,106170
546,pinkney,word,financi,106170
547,hohn,equiti,eichenlaub,106170
548,complaint,due,connect,106170
549,ial,previou,depriv,106170
550,grant,death,wyli,106170
551,sleep,singl,overfield,106170
552,year,9,do4,106170
553,demurr,13,clearanc,106170
554,leml,testimoni,commonwealth,106170
555,capit,darneal,particularli,106170
556,warehous,tirey,sess,106170
557,condemn,truskett,689,106170
558,yakima,well,oct,106170
559,congglob,parti,ordin,106170
560,appoint,prison,1996,106170
561,offens,richmondvth,tribe”,106170
562,quinbi,engug,fewel,106170
563,violenc,42d,efficaci,106170
564,threequart,1101,mculloch,106170
565,court’,maintain,patentoffic,106170
566,1936,cite,670,106170
567,survey,afford,permiss,106170
568,1869,1915,wellfound,106170
569,plot,389,hame,106170
570,thereupon,12,possibl,106170
571,“the,shaughnessi,dissent,106170
572,monro,pay,contentbas,106170
573,punish,contain,daughter,106170
574,elliott,approv,concur,106170
575,guilti,419,globe,106170
576,taho,acquir,yard,106170
577,28,love,veasey,106170
578,claimant,sinc,tion,106170
579,enforc,transact,punish,106170
580,money,50,jubile,106170
581,reserv,defens,fuent,106170
582,unconstitut,heard,marchi,106170
583,post,plural,militari,106170
584,one,employ,1997,106170
585,absent,mile,ex,106170
586,famili,baliast,lila,106170
587,central,twentyon,charter,106170
588,suffer,cal,curiam,106170
589,yard,unless,pursuant,106170
590,thereon,contest,2254a,106170
591,1957,attach,murphi,106170
592,line,crossburn,divert,106170
593,illinoi,august,dead,106170
594,palac,like,conduct,106170
595,1874,bring,petition,106170
596,covert,explor,depart,106170
597,1904,half,twentysixth,106170
598,ideolog,intend,subject,106170
599,157159,judg,octob,106170
600,impos,doubl,757,106170
601,1872,com,bugajewitz,106170
602,estrada,compact,kemp,106170
603,blewett,primafacieevid,terror,106170
604,novelti,statement,priddi,106170
605,encircl,hinderlid,7375,106170
606,commission,messag,236,106170
607,1107,screw,tucke,106170
608,may,light,imper,106170
609,ortmay,survey,usag,106170
610,159161,deliv,overbroad,106170
611,equal,june,conced,106170
612,offic,reconsider,anoth,106170
613,effect,merit,usca,106170
614,rent,agre,1887,106170
615,1915,f3d,crewman,106170
616,charl,295,infring,106170
617,hooper,1865,heard,106170
618,derbi,cir,gosier,106170
619,stat,infring,plain,106170
620,ohio,live,grant,106170
621,certifi,cattl,seveneighth,106170
622,respect,carri,uncondit,106170
623,june,demurr,sila,106170
624,88,facto,who—,106170
625,western,content,remittitur,106170
626,testimoni,doubt,father,106170
627,given,7,statutes3,106170
628,led2d,pursuant,1874,106170
629,fact,66,northern,106170
630,carasan,thereof,1904,106170
631,pardon1,prejudic,1862,106170
632,ago—on,remain,310,106170
633,403a13,§§,galvan,106170
634,1182a18,759,1910,106170
635,ronni,inter,divers,106170
636,retain,sold,harper,106170
637,size,reach,1994,106170
638,clearanc,northern,6000,106170
639,adequ,way,virul,106170
640,803,oil,decisi,106170
641,1st,1872,souter,106170
642,cheyenn,disapprov,315,106170
643,nowata,actual,50,106170
644,exccept,took,1945,106170
645,divers,declaratori,univers,106170
646,die,sess,1936,106170
647,epidem,622,erron,106170
648,relev,prosecut,smelt,106170
649,102,valu,size,106170
650,citizen,relat,cousin,106170
651,shipment,day,null,106170
652,g,plata,614c,106170
653,proscrib,white,strate,106170
654,motion,belong,sentenc,106170
655,ginsburg,boud,22d,106170
656,humboldt,shipper,year,106170
657,cade,set,severalti,106170
658,divert,min,hinder,106170
659,municip,describ,outsid,106170
660,cherri,free,enumer,106170
661,kershner,fourteenth,722,106170
662,disput,rate,stare,106170
663,gustav,bar,sabin,106170
664,restor,taken,j,106170
665,ruffin,materi,acquaint,106170
666,march,criteria,153,106170
667,traffic,argu,leak,106170
668,enumer,put,retain,106170
669,member,brought,devic,106170
670,closser,version,complant,106170
671,apptsvfr,commonwealth,pupilag,106170
672,afford,review,mile,106170
673,preemptor,marcello,barrow,106170
674,242,indirectli,californianevada,106170
675,ban,final,complaint,106170
676,13,britain,1332,106170
677,bogg,sisseton,mahler,106170
678,share,statu,meager,106170
679,globe,take,848q4b,106170
680,territori,seven,800,106170
681,level,ant,paul,106170
682,mine,engag,level,106170
683,activ,william,restor,106170
684,42,regist,ho,106170
685,monopoli,render,20,106170
686,325,828,carlin,106170
687,vote,conced,nonmember’,106170
688,inquiri,depend,worthington,106170
689,twentyf,redress,horn,106170
690,bill,record,lands”,106170
691,trigger,process,62,106170
692,pursuant,void,overton,106170
693,involv,elast,hug,106170
694,62,gave,1251b2,106170
695,259700,okla,fisheri,106170
696,267011,governor,harve,106170
697,1810,entir,august,106170
698,tram,dismiss,cir,106170
699,postaedpa,concern,202,106170
700,side,charl,push,106170
701,dyke,subsect,ebi,106170
702,regist,shown,debat,106170
703,occup,much,“the,106170
704,wickliff,conclus,fung,106170
705,detroit,moor,brocklin,106170
706,rivet,full,appurten,106170
707,would,post,unauthor,106170
708,1900,11,18,106170
709,total,memorandum,urg,106170
710,urg,elsewher,possessori,106170
711,stream,owe,110,106170
712,1815,ohio,paiut,106170
713,mcneill,activ,breachofcontract,106170
714,error,n,regist,106170
715,merc,62,constitution,106170
716,holder,pend,errorvsila,106170
717,grand,side,twentytwo,106170
718,nebraska,becom,1147,106170
719,wyli,plain,hold,106170
720,unauthor,matter,hitchcock,106170
721,repealed2,disallow,19,106170
722,241d,retain,1875,106170
723,mile,loan,1142,106170
724,control,23,tiger,106170
725,conced,object,variat,106170
726,1866,union,612615,106170
727,harper,doctrin,post,106170
728,count,guilti,a4,106170
729,conspiraci,—,553,106170
730,option,urg,102,106170
731,intermarriag,come,extens,106170
732,chapter,175,pleasant,106170
733,e,form,lehmann,106170
734,patentoffic,325,14800,106170
735,dissect,partial,evil,106170
736,uncondit,59,59,106170
737,§§,bohallvdilla,banish,106170
738,status,rother,othersdefend,106170
739,1889,mattol,detroit,106170
740,without,twentyf,swore,106170
741,asid,page,discard,106170
742,reach,thereupon,1218,106170
743,debat,permiss,jefferson,106170
744,310,462,3130,106170
745,c,omara,charl,106170
746,held,winkler,hick,106170
747,6000,equal,564187,106170
748,montana’,excus,quiet,106170
749,appurten,larg,nativ,106170
750,decemb,subsequ,bill,106170
751,eichenlaub,va,737,106170
752,nondeport,sum,occupi,106170
753,live,wyom,silver,106170
754,infer,1967,2745,106170
755,pend,trunk,temper,106170
756,1812,erron,threaten,106170
757,1994,exclus,738,106170
758,wellfound,owner,mate,106170
759,j,mcclain,586,106170
760,shown,harisiad,consent,106170
761,1,eding,light,106170
762,light,concract,workabl,106170
763,oper,vol,went,106170
764,overfield,agreement,373375,106170
765,class,1st,immateri,106170
766,do4,certifi,court’,106170
767,contentbas,42,wifeand,106170
768,histori,outsid,shoulder,106170
769,charleston,judici,1944,106170
770,page,number,fullblood,106170
771,remittitur,citizen,seiz,106170
772,payment,seiz,lovett,106170
773,statu,wale,shellabarg,106170
774,transact,rest,monopoli,106170
775,nation,femal,subrog,106170
776,fewel,35,misconduct,106170
777,american,principl,rowland,106170
778,tribe”,move,emancip,106170
779,commonwealth,benefit,420,106170
780,seen,rs,132,106170
781,fuent,commit,option,106170
782,acquaint,give,twentyfifth,106170
783,3,monro,554,106170
784,2,elliott,race,106170
785,spain,wholli,demean,106170
786,seek,2d,835,106170
787,ninth,receiv,junior,106170
788,contest,variou,remand,106170
789,twentysixth,polic,trumbul,106170
790,attorney,histori,1999,106170
791,1944,moral,ibid,106170
792,charg,proper,april,106170
793,defin,1887,bautista,106170
794,f,train,241,106170
795,prior,yard,prove,106170
796,hame,michigan,patron,106170
797,229,f2d,warehous,106170
798,kemp,retrospect,individu,106170
799,554,ginsburg,1811,106170
800,believ,manner,mima,106170
801,coven,reverend,1008,106170
802,essenti,land”,thereupon,106170
803,singl,male,1251a,106170
804,50,b,505,106170
805,dissent,four,belong,106170
806,—,bruno,exterior,106170
807,757,prevent,242,106170
808,jefferson,8th,front,106170
809,boundari,crawford,bring,106170
810,bound,york,coa,106170
811,proposit,2008,earlier,106170
812,petit,central,1421,106170
813,veasey,prejudice—januari,violat,106170
814,employ,1914—say,782,106170
815,first,recogn,decemb,106170
816,quiet,particularli,sick,106170
817,overbroad,orlean,oconnor,106170
818,cultiv,western,disown,106170
819,smelt,recov,2002,106170
820,fraud,521,1,106170
821,marchi,16,award,106170
822,silver,financi,intellect,106170
823,profit,parcel,1995,106170
824,certainli,1815,eject,106170
825,jubile,latter,nonmem,106170
826,hors,inquiri,543,106170
827,sabin,although,company’,106170
828,sila,public,8,106170
829,fisheri,orr,1094,106170
830,severalti,hous,1004,106170
831,bar,settler,suffer,106170
832,execut,father,statecourt,106170
833,guardian,particular,governor,106170
834,extend,defin,roderick,106170
835,place,went,prewitt,106170
836,2254a,back,119,106170
837,lila,overbreadth,intrus,106170
838,27,1814,1869,106170
839,efficaci,absent,inflow,106170
840,describ,pray,incumbr,106170
841,offenc,devic,ng,106170
842,debt,divers,victim,106170
843,award,1957,walston,106170
844,chap,ban,1798,106170
845,670,senat,580,106170
846,bugajewitz,classic,extend,106170
847,ibid,279,341,106170
848,priddi,speech,647,106170
849,dead,oblig,1254,106170
850,owner,threat,antagonist,106170
851,misconduct,ga,wholli,106170
852,loan,ibid,228,106170
853,possibl,disput,unsatisfactori,106170
854,2d,clear,seen,106170
855,deliveri,hors,transcend,106170
856,incompet,oct,cranch,106170
857,two,confer,curat,106170
858,7375,extens,2763,106170
859,opinion,necessari,onreserv,106170
860,leak,band,itali,106170
861,crewman,freedmen,use,106170
862,cousin,situat,members”,106170
863,possessori,14,hearsay,106170
864,22d,conduc,1998,106170
865,acquir,incompet,regardless,106170
866,104,1875,1031,106170
867,statement,liabil,maintain,106170
868,tucke,municip,372373,106170
869,pray,422,1900,106170
870,special,converi,2254d1,106170
871,erron,lot,user,106170
872,connect,washo,secur,106170
873,barrow,653,320,106170
874,per,sell,annul,106170
875,worthington,consist,2001,106170
876,cope,289,216,106170
877,la,immun,precis,106170
878,1332,carrier,speech,106170
879,attack,univers,succinctli,106170
880,seveneighth,liabl,1215,106170
881,plain,constru,1078,106170
882,580,eg,variou,106170
883,group,65,sparingli,106170
884,variat,demand,sustain,106170
885,reason,controversi,central,106170
886,victim,st,prettyman,106170
887,report,amelia,easili,106170
888,1909,occupi,control,106170
889,parcel,call,withdrawn,106170
890,1997,letter,39th,106170
891,adjudg,102,reconstruct,106170
892,express,obtain,acquir,106170
893,materi,suffer,susten,106170
894,includ,far,compulsori,106170
895,1910,12th,636,106170
896,statutes3,consequ,peirsol,106170
897,who—,17,edmund,106170
898,gosier,abil,apprehens,106170
899,twentyfifth,weill,1816,106170
900,texa,suspensori,wildlif,106170
901,great,addit,empti,106170
902,took,1810,brendal,106170
903,sioux,1874,491,106170
904,586,offici,insofar,106170
905,number,assert,newton,106170
906,65,ancestor,competitor,106170
907,horn,circumst,fiveyear,106170
908,incumbr,end,28,106170
909,junior,symbol,attaind,106170
910,1996,extent,reserva,106170
911,meager,depot,26,106170
912,1945,tion,304,106170
913,553,15,junction,106170
914,sovereign,deal,fourteenth,106170
915,304,33,interchang,106170
916,recov,attempt,1252,106170
917,follow,understand,a–69,106170
918,virul,count,coyl,106170
919,strate,88,intent,106170
920,non,e,president—convey,106170
921,512,amount,period—unless,106170
922,overton,less,them—until,106170
923,answer,sioux,1889—and,106170
924,1983,indic,dakota—for,106170
925,hitchcock,distinct,speaker,106170
926,521,juli,comprehend,106170
927,origin,1910,statelaw,106170
928,pleasant,57,dwell,106170
929,refus,thereto,spain,106170
930,mari,allow,cultiv,106170
931,agreement,condemn,habitat,106170
932,dam,seem,certiorari,106170
933,submit,precis,agreedupon,106170
934,119,great,gave,106170
935,614c,institut,runoff,106170
936,intrus,substanti,thrive,106170
937,72,custom,irrevoc,106170
938,legal,distant,back,106170
939,trespass,nonfrivol,coheir,106170
940,august,good,benefic,106170
941,twentytwo,usag,long’,106170
942,cent,support,lakota,106170
943,mate,design,woodford,106170
944,much,restor,1122,106170
945,went,oneeighth,munson,106170
946,min,boundari,2,106170
947,rest,therein,331813,106170
948,wit,interpret,edgeburi,106170
949,libel,earlier,manufacture—wa,106170
950,8th,share,chokestrap,106170
951,hick,natur,doublerol,106170
952,1882,reli,springs—steel—which,106170
953,1147,1862,uppli,106170
954,pupilag,apptvc,importer—th,106170
955,deal,languag,298626,106170
956,carlin,third,mcclainvortmay,106170
957,search,race,billetloop,106170
958,mahler,lade,hooks—a,106170
959,judici,feme,plaintiffvst,106170
960,1142,directli,calderon,106170
961,complant,commenc,93d,106170
962,californianevada,110,neck,106170
963,77,american,tourist,106170
964,valu,join,abl,106170
965,made,reclam,a3,106170
966,swore,transfer,reach,106170
967,carri,1812,briefli,106170
968,supersedea,forc,363,106170
969,sick,236,downstream,106170
970,848q4b,ralli,goe,106170
971,1985,accord,venir,106170
972,fifti,30,1985,106170
973,505,charact,notwithstand,106170
974,recoveri,daughter,wyandott,106170
975,injunct,512,fairli,106170
976,user,total,thin,106170
977,1218,portion,stream,106170
978,properli,portsmouth,lade,106170
979,conduct,certainli,1035,106170
980,hearsay,consig,consensu,106170
981,sureti,facial,understand,106170
982,restitut,compel,750000,106170
983,skill,paul,waterspierc,106170
984,disabl,ad,respond,106170
985,commit,kind,dougla,106170
986,belong,58,patria,106170
987,lands”,texa,imbal,106170
988,previou,w,388,106170
989,nonmember’,stanford,previcusli,106170
990,pay,occup,204,106170
991,ebi,constitution,carson,106170
992,hug,arguello,“tribal,106170
993,front,enumer,1036,106170
994,letter,seen,316,106170
995,band,preaedpa,offens,106170
996,fung,legislatur,whittak,106170
997,153,unlaw,837,106170
998,done,conlan,orig,106170
999,1811,pinkney,paren,106170
