,top_words,top_words_from_mean,top_words_from_diff,most_relev_op
0,syrup,court,commiss,84800
1,plug,state,caus,84800
2,hmt,v,plate,84800
3,ocp,case,court,84800
4,film,act,statut,84800
5,berbl,law,sutter,84800
6,fritton,compani,corpor,84800
7,boner,unit,except,84800
8,farr,upon,compani,84800
9,patent,defend,remov,84800
10,abort,plaintiff,carrier,84800
11,telegraph,said,law,84800
12,inspect,u,error,84800
13,addict,tax,power,84800
14,cross,statut,bank,84800
15,irwin,error,state,84800
16,comptrol,sct,illinoi,84800
17,mortgag,may,syrup,84800
18,hewett,us,administr,84800
19,deposit,commiss,maryland,84800
20,depositori,properti,nelson,84800
21,partmar,judgment,citizen,84800
22,knuckl,right,busi,84800
23,tax,made,master,84800
24,sutter,power,receivership,84800
25,grain,district,hour,84800
26,deed,co,hmt,84800
27,insur,shall,plug,84800
28,commiss,one,rout,84800
29,bank,corpor,counterclaim,84800
30,senior,petition,ocp,84800
31,chalon,ct,berbl,84800
32,hour,jurisdict,boner,84800
33,sonar,bank,exclusionari,84800
34,barg,order,fritton,84800
35,household,§,evid,84800
36,plate,constitut,convent,84800
37,cueba,would,legisl,84800
38,rout,caus,counti,84800
39,tug,appeal,grain,84800
40,reich,evid,privat,84800
41,navig,congress,sale,84800
42,convent,author,fiduciari,84800
43,viaduct,claim,passeng,84800
44,danbenbiss,rule,reissu,84800
45,ami,land,farr,84800
46,bondhold,l,deposit,84800
47,export,mr,tug,84800
48,receivership,circuit,cross,84800
49,corn,section,warrant,84800
50,ezekiel,offic,defend,84800
51,fdf,person,film,84800
52,irrig,requir,captur,84800
53,iowa,action,hewett,84800
54,rate,sup,search,84800
55,transient,bill,addict,84800
56,thenc,sale,partmar,84800
57,lexecon,question,enemi,84800
58,hanrick,counti,export,84800
59,cowland,1,author,84800
60,berton,contract,knuckl,84800
61,topennab,part,minut,84800
62,blockad,new,irwin,84800
63,pardon,gener,joint,84800
64,fiduciari,decre,offens,84800
65,epa,except,prize,84800
66,carrol,fact,depositori,84800
67,harper,govern,crime,84800
68,enril,time,chalon,84800
69,ordin,writ,prefer,84800
70,obscen,interest,offic,84800
71,templeton,use,sonar,84800
72,state,suit,salli,84800
73,bankrupt,ed,repeal,84800
74,interven,within,aid,84800
75,bankss,opinion,texa,84800
76,compani,parti,reich,84800
77,indian,grant,household,84800
78,postmast,trial,cueba,84800
79,tonnag,juri,coupon,84800
80,plan,busi,report,84800
81,loan,c,cargo,84800
82,contempt,feder,case,84800
83,texa,see,accommod,84800
84,spomer,justic,bancorpor,84800
85,distribut,led2d,return,84800
86,door,amend,danbenbiss,84800
87,darley,without,bradi,84800
88,minut,decis,agent,84800
89,feet,railroad,paramount,84800
90,coupon,2,reorgan,84800
91,survey,must,fdf,84800
92,captur,reason,inspect,84800
93,gin,suprem,harper,84800
94,nelson,patent,commit,84800
95,vanderhoof,public,ami,84800
96,polic,record,lexecon,84800
97,paramount,charg,overrul,84800
98,lenora,bond,bondhold,84800
99,turnpik,led,viaduct,84800
100,berkeley,rep,ezekiel,84800
101,gold,carrier,id,84800
102,shaft,purpos,transient,84800
103,71703,proceed,rate,84800
104,burford,issu,constitut,84800
105,secretari,present,iron,84800
106,carrier,rate,leagu,84800
107,1962,provis,cowland,84800
108,guillem,make,contempt,84800
109,distanc,alleg,seiz,84800
110,furlough,citizen,berton,84800
111,land,receiv,abort,84800
112,rental,citi,bruton,84800
113,oregonian,could,topennab,84800
114,ventil,motion,navig,84800
115,forrest,respond,templeton,84800
116,court,subject,repair,84800
117,pump,file,interven,84800
118,reissu,whether,polic,84800
119,precinct,stock,hanrick,84800
120,exclusionari,titl,rental,84800
121,divis,remov,congress,84800
122,dividend,provid,manag,84800
123,milberg,held,food,84800
124,porto,also,enril,84800
125,ga,legisl,transfer,84800
126,charter,3,u,84800
127,sentenc,follow,barg,84800
128,endors,id,cox,84800
129,impanel,administr,endors,84800
130,oregon,insur,writ,84800
131,appellantvfirst,duti,impanel,84800
132,24b,amount,bankss,84800
133,kaiser,commerc,demand,84800
134,accommod,employ,part,84800
135,sale,limit,spomer,84800
136,offutt,regul,deleg,84800
137,mcnulta,term,program,84800
138,port,first,corn,84800
139,food,effect,mcnulta,84800
140,commerc,applic,patterson,84800
141,chines,year,corpu,84800
142,slave,find,darley,84800
143,potter,report,precinct,84800
144,passeng,money,appoint,84800
145,navi,day,hust,84800
146,stamp,petit,fund,84800
147,religi,due,vanderhoof,84800
148,layn,commission,hous,84800
149,kansa,illinoi,behaviour,84800
150,stepcov,4,lenora,84800
151,search,pay,carrol,84800
152,facto,vessel,71703,84800
153,invent,st,guillem,84800
154,erisa,therefor,senior,84800
155,fha,violat,act,84800
156,reorgan,determin,blockad,84800
157,counti,dismiss,pictur,84800
158,option,agent,follow,84800
159,nara,creditor,oregonian,84800
160,bennett,deed,st,84800
161,schaetzel,consider,charg,84800
162,cooper,appel,consider,84800
163,minor,j,loui,84800
164,variti,execut,berkeley,84800
165,cabot,return,jeopardi,84800
166,plaintiff,respect,special,84800
167,counterclaim,construct,aris,84800
168,tseng,take,circuit,84800
169,fleet,brought,licens,84800
170,ry,oper,nebraska,84800
171,hogan,process,milberg,84800
172,navy’,nation,assault,84800
173,gardner,appli,burford,84800
174,church,consid,stock,84800
175,except,show,gin,84800
176,bruton,paid,prosecut,84800
177,omaha,matter,furlough,84800
178,rum,crimin,adjudg,84800
179,lot,york,seizur,84800
180,bancorpor,per,appellantvfirst,84800
181,platehold,6,overtim,84800
182,train,ground,rule,84800
183,administr,servic,thenc,84800
184,overtim,damag,1812,84800
185,quarterli,given,rebel,84800
186,salli,exercis,1878,84800
187,bone,privat,ventil,84800
188,oil,give,forrest,84800
189,grimshaw,two,turnpik,84800
190,circuit,note,potter,84800
191,militari,declar,ry,84800
192,niebel,taken,insur,84800
193,keokuk,allow,gold,84800
194,station,appear,darlington,84800
195,vote,master,offutt,84800
196,transcript,origin,stepcov,84800
197,1305a,object,fugit,84800
198,georgia,5,epa,84800
199,hous,decid,tonnag,84800
200,leagu,offens,pardon,84800
201,medali,set,24b,84800
202,brimston,supra,nara,84800
203,mail,judici,british,84800
204,alvarez,counsel,schaetzel,84800
205,creditor,texa,leon,84800
206,count,found,ordin,84800
207,petition,deni,irregular,84800
208,ohio,might,gardner,84800
209,quartermast,purchas,layn,84800
210,corpor,account,inform,84800
211,1878,judg,close,84800
212,lawler,7,jurisdict,84800
213,motion,convict,condemn,84800
214,len,fund,variti,84800
215,fleme,employe,tseng,84800
216,bond,special,iowa,84800
217,vessel,transfer,ct,84800
218,degre,affirm,facto,84800
219,waterwork,interst,1977,84800
220,maryland,payment,properti,84800
221,assigne,differ,medali,84800
222,voter,estat,fha,84800
223,probat,warrant,order,84800
224,incom,appoint,alleg,84800
225,cnb,board,comptrol,84800
226,rent,good,navy’,84800
227,arraign,debt,habea,84800
228,licens,crime,telegraph,84800
229,panel,establish,distanc,84800
230,farm,deposit,without,84800
231,reynoldsplaintiff,direct,kaiser,84800
232,lament,enter,impli,84800
233,rehear,claus,missouri,84800
234,plaintiffvst,intent,ex,84800
235,govern,point,creditor,84800
236,fugit,p,extradit,84800
237,pipe,prosecut,platehold,84800
238,florida,mean,cabot,84800
239,censor,sum,602,84800
240,power,necessari,fourth,84800
241,sulphur,cost,suppress,84800
242,1977,possess,micheltorena,84800
243,errorvaaron,date,trade,84800
244,wheelfend,polici,obscen,84800
245,tow,inform,toll,84800
246,rico,incom,hogan,84800
247,extradit,mortgag,exercis,84800
248,fort,pass,hire,84800
249,tiernan,9,grimshaw,84800
250,kring,revers,one,84800
251,latterday,railway,kansa,84800
252,respondent’,truste,niebel,84800
253,louisvil,view,fleet,84800
254,micheltorena,revenu,alvarez,84800
255,kingman,secretari,gaslight,84800
256,alvoil,suffici,rum,84800
257,houssay,commit,1305a,84800
258,nazi,secur,hourli,84800
259,water,verdict,dividend,84800
260,luro,maryland,exclus,84800
261,neutral,transport,brimston,84800
262,feder,search,mitig,84800
263,1620,licens,cook,84800
264,road,water,shaft,84800
265,convey,place,door,84800
266,demurrag,12,kill,84800
267,orlean,certain,star,84800
268,metzger,argu,censor,84800
269,societi,page,director,84800
270,british,n,judici,84800
271,seizur,plate,postmast,84800
272,fnh,second,motion,84800
273,receiv,hold,slave,84800
274,law,demand,kring,84800
275,intrafamili,remand,revenu,84800
276,beld,member,gener,84800
277,repeal,ordin,exhibit,84800
278,lake,includ,prescrib,84800
279,offens,8,cnb,84800
280,testat,exist,bone,84800
281,note,individu,transcript,84800
282,fare,polic,carri,84800
283,conspiraci,carri,pump,84800
284,racial,john,reynoldsplaintiff,84800
285,park,howev,train,84800
286,congress,hous,fleme,84800
287,bradi,f,1620,84800
288,levi,argument,sup,84800
289,taxpay,attorney,fire,84800
290,adam,sustain,subject,84800
291,versu,aris,leav,84800
292,mitig,ohio,dalla,84800
293,varianc,common,conductor,84800
294,kierr,say,len,84800
295,manufactur,control,tiernan,84800
296,jeopardi,complain,kingman,84800
297,grotemey,15,lawler,84800
298,recondit,assign,said,84800
299,negro,owner,duti,84800
300,gradi,impos,nav,84800
301,ex,trust,errorvaaron,84800
302,bingham,enforc,irrig,84800
303,citi,word,post,84800
304,decre,refus,lament,84800
305,remov,10,wheelfend,84800
306,juri,relat,bennett,84800
307,armstrong,loss,crimin,84800
308,secular,cent,omaha,84800
309,ship,claimant,houssay,84800
310,kill,ship,alvoil,84800
311,truste,march,intrafamili,84800
312,program,depart,britain,84800
313,misappli,name,user,84800
314,predepriv,fee,luro,84800
315,profit,cargo,forfeitur,84800
316,blockburg,passeng,alexandria,84800
317,virginia,circumst,john,84800
318,pullman,appelle,latterday,84800
319,estat,contain,fnh,84800
320,prize,result,distribut,84800
321,lenni,condit,plaintiffvst,84800
322,verret,11,save,84800
323,accus,review,1962,84800
324,dade,final,countri,84800
325,linthicum,liabil,justic,84800
326,sectarian,territori,nazi,84800
327,burial,navig,bill,84800
328,illinoi,13,grant,84800
329,railway,missouri,posit,84800
330,lemon,refer,kierr,84800
331,bankruptci,stat,rebellion,84800
332,libel,recov,grotemey,84800
333,matthew,either,columbia,84800
334,preemption,form,1921,84800
335,colleg,valid,metzger,84800
336,contract,proper,sulphur,84800
337,factor,w,shall,84800
338,301l,equal,predepriv,84800
339,behaviour,habea,requir,84800
340,intrast,presid,keokuk,84800
341,lowri,instruct,degre,84800
342,machineri,statement,great,84800
343,rebel,exclus,dunn,84800
344,return,entitl,arbor,84800
345,sarchet,14,recondit,84800
346,nebraska,forc,hole,84800
347,fee,work,cca,84800
348,nav,injunct,beld,84800
349,paper,concern,commerci,84800
350,butterworth,plead,rent,84800
351,camera,injuri,negro,84800
352,foreign,line,armstrong,84800
353,oyster,hour,fort,84800
354,clock,foreign,lenni,84800
355,wife,hear,verret,84800
356,hust,proof,quarterli,84800
357,grant,standard,adam,84800
358,chicago,leav,inspector,84800
359,repair,admit,person,84800
360,wadevhoward,collect,conform,84800
361,thevo,20,plead,84800
362,jesu,dissent,varianc,84800
363,prospectus,thereof,coleman,84800
364,coleman,regard,gradi,84800
365,spous,februari,clock,84800
366,stolen,prescrib,j,84800
367,hole,deliv,cranch,84800
368,prospectu,principl,must,84800
369,immigr,express,bingham,84800
370,consent,f2d,oregon,84800
371,bale,discharg,vote,84800
372,hourli,protect,butterworth,84800
373,remington,june,301l,84800
374,marqui,countri,linthicum,84800
375,termin,aid,voter,84800
376,treati,sever,judgment,84800
377,602,r,preemption,84800
378,pennsylvania,plan,sarchet,84800
379,wheel,mere,tort,84800
380,appeal,et,saint,84800
381,christ,trade,church,84800
382,guss,well,murder,84800
383,winchenden,road,receiv,84800
384,toll,legal,97,84800
385,defend,think,wadevhoward,84800
386,polici,sutter,thevo,84800
387,perciful,rout,spark,84800
388,gillard,everi,dade,84800
389,1812,legislatur,standard,84800
390,cox,repeal,arthur,84800
391,save,18,respondent’,84800
392,insolv,answer,presid,84800
393,stabl,valu,accumul,84800
394,§1407a,articl,nunc,84800
395,mchardi,even,blockburg,84800
396,2000,overrul,remand,84800
397,damag,anoth,misappli,84800
398,market,joint,burial,84800
399,811d1,sentenc,minor,84800
400,articl,corpu,prospectus,84800
401,advertis,thu,chines,84800
402,basket,benefit,individu,84800
403,saint,17,wheel,84800
404,highway,neglig,tunc,84800
405,1166,h,reason,84800
406,peac,render,abovenam,84800
407,track,system,pursuanc,84800
408,sct,price,record,84800
409,employe,cross,hodgson,84800
410,pyle,16,winchenden,84800
411,mile,full,waterwork,84800
412,5224,ex,1874,84800
413,stock,transact,1166,84800
414,moot,cours,perciful,84800
415,sherri,vote,gillard,84800
416,loui,prefer,pollut,84800
417,distribute,offer,450000,84800
418,indebt,testimoni,white,84800
419,habea,credit,arraign,84800
420,credit,prohibit,versu,84800
421,act,punish,rob,84800
422,fire,distribut,aforesaid,84800
423,engin,e,§1407a,84800
424,prosecut,train,harm,84800
425,post,survey,811d1,84800
426,plea,ga,jesu,84800
427,process,compens,captor,84800
428,disabl,come,basket,84800
429,sail,conduct,consid,84800
430,1866,procedur,g,84800
431,account,accord,guss,84800
432,said,perform,demurrag,84800
433,spark,particular,seal,84800
434,enemi,columbia,loss,84800
435,interst,equiti,5224,84800
436,immun,cite,suprem,84800
437,citizen,natur,system,84800
438,wage,entri,mchardi,84800
439,mine,privileg,profit,84800
440,cca,convey,1434,84800
441,eberhard,practic,earn,84800
442,salt,posit,dall,84800
443,samta,januari,give,84800
444,nugent,death,prospectu,84800
445,refund,river,come,84800
446,corpu,coupon,consolid,84800
447,marshal,bankrupt,evan,84800
448,dalla,conclus,christ,84800
449,caldarola,wall,defraud,84800
450,mckesson,three,nelli,84800
451,indict,manag,transfere,84800
452,street,count,49,84800
453,forest,separ,take,84800
454,leon,permit,princ,84800
455,darlington,remedi,intent,84800
456,loft,engag,rehear,84800
457,baltimor,nelson,pyle,84800
458,deced,like,subsect,84800
459,lubric,kansa,annual,84800
460,ada,loui,lowri,84800
461,bill,b,marqui,84800
462,race,usca,origin,84800
463,publish,28,samta,84800
464,busi,fourth,taxpay,84800
465,boat,profit,sectarian,84800
466,mclaughlin,paper,februari,84800
467,lloyd,unless,count,84800
468,§1407,notic,123,84800
469,voluntari,sinc,lemon,84800
470,oldham,month,accompani,84800
471,find,seizur,air,84800
472,nev,iowa,caldarola,84800
473,properti,director,camera,84800
474,master,prior,eberhard,84800
475,vera,suggest,sherri,84800
476,97,enact,insolv,84800
477,railroad,substanti,neutral,84800
478,tort,decemb,dredg,84800
479,stephney,captur,resolut,84800
480,interest,support,loft,84800
481,joint,consent,§1407,84800
482,juror,involv,pinion,84800
483,sup,indict,fuller,84800
484,rehabilit,chang,sustain,84800
485,v,great,offenc,84800
486,loss,prove,forc,84800
487,star,submit,stamp,84800
488,narcot,letter,stephney,84800
489,whitak,su,deed,84800
490,1434,seiz,carriag,84800
491,demand,adjudg,plan,84800
492,dall,took,stolen,84800
493,visibl,inspect,transitori,84800
494,trade,far,inst,84800
495,lumber,although,fare,84800
496,led2d,demurr,louisvil,84800
497,privileg,done,mckesson,84800
498,jeun,louisiana,1895,84800
499,bid,contempt,conspiraci,84800
500,beazel,convent,suffici,84800
501,otten,void,herebi,84800
502,franchis,manufactur,usurp,84800
503,richard,agreement,dc,84800
504,legisl,oblig,factor,84800
505,murray,whole,otten,84800
506,admiralti,call,oldham,84800
507,son,25,indebt,84800
508,sureti,maintain,packard,84800
509,treatment,obtain,jeun,84800
510,registri,white,brown,84800
511,statut,continu,138,84800
512,friedman,23,erisa,84800
513,enjoy,enemi,secular,84800
514,antiinjunct,al,beazel,84800
515,invoic,port,within,84800
516,money,elect,stabl,84800
517,vende,liabl,remington,84800
518,discrimin,way,narcot,84800
519,databas,usc,store,84800
520,underground,fed,portion,84800
521,war,april,visibl,84800
522,whitney,grain,vera,84800
523,agent,levi,municip,84800
524,ashevil,taxpay,354,84800
525,shapiro,basi,member,84800
526,princ,import,registr,84800
527,exempt,doubt,transact,84800
528,debt,subsequ,monro,84800
529,step,plea,navi,84800
530,hodgson,chicago,credit,84800
531,landlord,discrimin,lubric,84800
532,abovenam,immun,purpos,84800
533,reform,favor,find,84800
534,rule,organ,violat,84800
535,caus,burden,peril,84800
536,cal,creat,verdict,84800
537,bail,washington,porter,84800
538,constitut,chief,four,84800
539,rebellion,local,quartermast,84800
540,iron,associ,account,84800
541,assess,program,su,84800
542,straw,counterclaim,richard,84800
543,socorro,reissu,104,84800
544,turner,condemn,enjoy,84800
545,captor,discret,pipe,84800
546,vi,aforesaid,co,84800
547,session,agre,declar,84800
548,eugen,assigne,1930,84800
549,1922,prevent,tow,84800
550,cargo,california,oyster,84800
551,antitrust,repair,ton,84800
552,charg,assert,f,84800
553,ton,export,databas,84800
554,usurp,therein,wheaton,84800
555,mississippi,19,colleg,84800
556,winona,wit,socorro,84800
557,dock,produc,1928,84800
558,pinion,end,manslaught,84800
559,ct,26,lloyd,84800
560,fund,put,censorship,84800
561,arkansa,true,exceed,84800
562,trust,car,mammal,84800
563,bayley,fraud,process,84800
564,unit,21,suppli,84800
565,religion,ry,previou,84800
566,mammal,marshal,resign,84800
567,system,depend,regard,84800
568,michael,reserv,ashevil,84800
569,burlington,close,postdepriv,84800
570,u,market,1832,84800
571,firearm,g,nugent,84800
572,due,design,panel,84800
573,judgment,pennsylvania,ceil,84800
574,husband,war,discount,84800
575,1832,portion,princess,84800
576,perjur,period,whitak,84800
577,bella,intend,belong,84800
578,stockhold,relief,1877,84800
579,dunn,revis,abus,84800
580,led,receivership,suydam,84800
581,cleric,recogn,pac,84800
582,page,intern,1936,84800
583,writ,certif,wheat,84800
584,error,seem,underground,84800
585,garnishe,iron,i—40,84800
586,commerci,fix,jane,84800
587,warsaw,possibl,bayley,84800
588,hillsboro,conclud,nev,84800
589,fuller,syrup,brought,84800
590,deutsch,dollar,distribute,84800
591,conqueror,controversi,nonintercours,84800
592,cashier,smith,money,84800
593,postdepriv,affect,chicago,84800
594,pac,municip,admit,84800
595,district,certiorari,impeach,84800
596,henderson,juli,england,84800
597,i—40,wife,porto,84800
598,missouri,though,farm,84800
599,peril,inc,evict,84800
600,barney,attach,antongiorgi,84800
601,belmont,georgia,intergovernment,84800
602,maker,impli,herring’,84800
603,impli,approv,antiinjunct,84800
604,freedman,need,wyman,84800
605,transfere,committe,alexand,84800
606,trial,indian,race,84800
607,weekli,prize,50,84800
608,subsect,resid,mfa,84800
609,jurisdict,remain,hillsboro,84800
610,doubl,depriv,bella,84800
611,mandamu,specif,contain,84800
612,arriv,49,leavenworth,84800
613,eleven,appropri,assigne,84800
614,neb,clear,session,84800
615,center,accept,riley,84800
616,esquir,less,keeli,84800
617,antongiorgi,24,deterr,84800
618,1921,charact,esquir,84800
619,book,addit,ib,84800
620,author,22,mclaughlin,84800
621,810,civil,abet,84800
622,herring’,open,577,84800
623,school,otherwis,cordag,84800
624,pretrial,four,amnesti,84800
625,keeli,florida,feet,84800
626,public,hand,demurr,84800
627,mfa,languag,track,84800
628,woman,interven,respect,84800
629,sea,repres,friedman,84800
630,sworn,50,twofeloni,84800
631,revok,stockhold,6445,84800
632,1935,post,due,84800
633,nelli,invent,unconstitut,84800
634,second,defens,georgia,84800
635,discount,tug,straw,84800
636,commissari,herebi,particip,84800
637,titl,correct,pullman,84800
638,heir,noth,310b1,84800
639,seamen,book,barney,84800
640,toxic,forfeitur,811d2,84800
641,us,belong,peleg,84800
642,prudenti,brown,crovo,84800
643,crovo,exempt,deutsch,84800
644,rep,reli,conqueror,84800
645,investor,statutori,ga,84800
646,neglig,consequ,15465593,84800
647,debtor,tri,selfassign,84800
648,irregular,virginia,shapiro,84800
649,settlement,guilti,smith,84800
650,1931,fair,proposit,84800
651,interior,fire,blairsvil,84800
652,commit,rent,warsaw,84800
653,peleg,arrest,argu,84800
654,exhibitor,suppli,shrewsburi,84800
655,1843,among,fee,84800
656,week,militari,park,84800
657,twofeloni,adopt,scripto,84800
658,nation,locat,edward,84800
659,section,code,crannel,84800
660,1913,transcript,1814,84800
661,liquid,murder,williamson,84800
662,310b1,latter,bail,84800
663,product,save,ada,84800
664,attach,assess,aforethought,84800
665,confirm,31,810,84800
666,pollut,fiduciari,cleric,84800
667,township,omit,interest,84800
668,registr,hundr,toxic,84800
669,madrid,larg,felip,84800
670,right,product,plaintiff,84800
671,cruz,treati,salt,84800
672,wheaton,minut,obviou,84800
673,retail,complaint,329g1,84800
674,811d2,messr,6943g4,84800
675,poll,track,6943g1,84800
676,shrewsburi,expens,genassem,84800
677,estim,copi,cost,84800
678,utah,reorgan,exhibitor,84800
679,ralph,sell,written,84800
680,barn,reject,keithler,84800
681,offenc,dividend,rightofway,84800
682,store,jame,enabl,84800
683,assessor,27,burden,84800
684,felip,content,ohio,84800
685,dollar,prison,esq,84800
686,weather,real,fed,84800
687,15465593,film,michael,84800
688,case,brief,perjur,84800
689,scripto,exceed,freedman,84800
690,selfassign,admiralti,unit,84800
691,1877,carolina,annex,84800
692,hire,william,belmont,84800
693,blairsvil,conform,advis,84800
694,l,forth,1973,84800
695,oklahoma,much,revis,84800
696,grime,libel,center,84800
697,miss,plug,quasisovereign,84800
698,reserv,third,intrast,84800
699,crime,complet,convict,84800
700,leavenworth,insolv,cooper,84800
701,amnesti,read,depriv,84800
702,death,nebraska,winona,84800
703,abet,oil,reform,84800
704,employ,street,discret,84800
705,discharg,clerk,depend,84800
706,crannel,serv,166,84800
707,88,commerci,page,84800
708,warrant,termin,maker,84800
709,1814,exclusionari,20,84800
710,southern,penalti,grime,84800
711,conduit,mile,option,84800
712,depend,loan,la,84800
713,northern,princip,foundat,84800
714,holston,properli,month,84800
715,shelbi,heard,holston,84800
716,storr,fail,reduc,84800
717,quasisovereign,former,commission,84800
718,earn,earn,railway,84800
719,admiss,disput,buel,84800
720,saniti,29,offer,84800
721,ft,becom,rehabilit,84800
722,charit,curiam,storr,84800
723,file,constru,430,84800
724,certifi,proposit,postoffic,84800
725,genassem,entir,bottom,84800
726,329g1,telegraph,theolog,84800
727,6943g1,examin,maintain,84800
728,6943g4,rest,concern,84800
729,geograph,known,reduct,84800
730,remedi,written,§1404a,84800
731,cotton,hmt,1931,84800
732,keithler,neither,proof,84800
733,price,connect,tax,84800
734,robb,leagu,turner,84800
735,cost,admiss,separ,84800
736,director,accommod,thompson,84800
737,fourth,union,punish,84800
738,patterson,novemb,brig,84800
739,air,conspiraci,ralph,84800
740,alexandria,mention,29468925,84800
741,decay,activ,rep,84800
742,defraud,deceas,neb,84800
743,revenu,wrong,commissari,84800
744,via,mani,intest,84800
745,point,exhibit,consent,84800
746,convict,failur,evil,84800
747,commission,base,took,84800
748,buel,sole,may,84800
749,condemn,rehear,ripley,84800
750,inspector,charter,gray,84800
751,1930,deleg,parkland,84800
752,wyman,feet,peac,84800
753,custodi,number,unsaf,84800
754,channel,concur,therein,84800
755,claim,ocp,compil,84800
756,municip,materi,alter,84800
757,exhibit,south,second,84800
758,transitori,institut,fair,84800
759,theolog,accus,harbormast,84800
760,entri,ant,divis,84800
761,grantor,97,392,84800
762,payton,certifi,sue,84800
763,arrest,consist,1968,84800
764,depart,sold,2000,84800
765,guaranti,litig,whart,84800
766,report,divis,charit,84800
767,alexand,life,harr,84800
768,flsa,describ,burlington,84800
769,harr,believ,cosmopolitan,84800
770,1895,deal,1922,84800
771,canal,actual,full,84800
772,monro,mail,nrdc,84800
773,appoint,bondhold,jame,84800
774,§1404a,unconstitut,method,84800
775,columbia,franchis,preponder,84800
776,moin,distinct,fume,84800
777,arbor,town,covoregonian,84800
778,mari,minor,v,84800
779,merchandis,bankruptci,17,84800
780,york,de,budget,84800
781,commonwealth,food,carton,84800
782,bay,southern,henderson,84800
783,1954,extent,action,84800
784,inform,lot,trader,84800
785,within,30,dale,84800
786,fume,extend,380,84800
787,ed,husband,audit,84800
788,replevin,peopl,publish,84800
789,476,alreadi,regular,84800
790,louisiana,previou,vi,84800
791,hundr,jeopardi,visscher,84800
792,injunct,bar,via,84800
793,cosmopolitan,dc,spous,84800
794,auditor,berbl,deal,84800
795,gaslight,light,dexter,84800
796,thousand,boner,masseyferguson,84800
797,harbormast,behalf,divid,84800
798,prison,shown,robb,84800
799,tilton,cox,scott,84800
800,net,respons,1869,84800
801,smith,contend,228,84800
802,fourniquet,thereupon,alvgreat,84800
803,controversi,manner,restraint,84800
804,dredg,yet,element,84800
805,ftca,fritton,gurley,84800
806,dealer,comptrol,2291,84800
807,fremont,doctrin,israel,84800
808,29468925,degre,necessari,84800
809,purpos,consolid,pack,84800
810,suit,deem,foreign,84800
811,sherman,custodi,payton,84800
812,cabin,agenc,thereupon,84800
813,connecticut,furnish,possibl,84800
814,aforethought,method,madrid,84800
815,yeager,rental,oper,84800
816,baxter,seal,fourniquet,84800
817,parkland,restrict,conduit,84800
818,rob,situat,incom,84800
819,offic,beyond,pretreat,84800
820,st,endors,precept,84800
821,norm,resolut,421,84800
822,seller,indic,buy,84800
823,visscher,major,ft,84800
824,foster,contrari,influenc,84800
825,2291,imprison,fast,84800
826,manslaught,merit,157,84800
827,gurley,illeg,unreason,84800
828,warrantless,whatev,prudenti,84800
829,354,annual,cairo,84800
830,shall,kill,walgreen,84800
831,seiz,regist,airway,84800
832,1968,sign,yeager,84800
833,mexican,defin,innoc,84800
834,governor,ought,norm,84800
835,concordia,payabl,societi,84800
836,intern,assum,date,84800
837,banish,exclud,reliev,84800
838,391,pend,baltimor,84800
839,evict,distanc,refug,84800
840,misappl,paramount,misappl,84800
841,mandat,farr,grosvenor,84800
842,grosvenor,ask,object,84800
843,assign,confer,clerkship,84800
844,elect,barg,mail,84800
845,covoregonian,american,sail,84800
846,wrong,knowledg,guaranti,84800
847,bed,premis,matthew,84800
848,indemn,commenc,insurrectionari,84800
849,f,thousand,marshalltown,84800
850,goodwin,abort,316,84800
851,princess,tort,cruz,84800
852,punish,51,2680k,84800
853,subsist,school,termin,84800
854,winship,definit,merri,84800
855,freight,invalid,magistr,84800
856,alvgreat,last,c,84800
857,respond,class,fender,84800
858,pictur,build,wall,84800
859,clerkship,never,tilton,84800
860,masseyferguson,deduct,ireland,84800
861,sum,inde,banish,84800
862,conductor,balanc,prim,84800
863,brig,directli,eugen,84800
864,minnesota,wheat,present,84800
865,locat,sought,guiding,84800
866,regist,mississippi,foster,84800
867,washington,§§,6,84800
868,fender,long,sixtytwo,84800
869,co,north,concordia,84800
870,pack,negro,weekli,84800
871,cent,addict,headquart,84800
872,1629,household,watkin,84800
873,mexico,want,49250,84800
874,ripley,irwin,wallac,84800
875,labor,acquir,london,84800
876,walgreen,42,137,84800
877,action,1878,submarin,84800
878,pretreat,insist,1629,84800
879,england,48,decay,84800
880,theatr,suppress,residenti,84800
881,susquehanna,capit,warrantless,84800
882,dexter,face,balanc,84800
883,plead,67,birkenfeld,84800
884,carriag,unreason,7,84800
885,aid,custom,proper,84800
886,brief,1921,paper,84800
887,creek,factor,sonora,84800
888,merri,settl,announc,84800
889,certif,1977,476,84800
890,infring,excess,cpo,84800
891,sixtytwo,northern,transport,84800
892,intergovernment,app,rosengr,84800
893,assault,british,masstransit,84800
894,va,octob,dealer,84800
895,whart,thenc,1865,84800
896,procedur,gold,gc,84800
897,meat,stand,baxter,84800
898,gener,oregon,perkin,84800
899,payabl,preemption,detain,84800
900,pay,august,racial,84800
901,servic,bradi,oat,84800
902,institut,37,dwell,84800
903,marshalltown,six,crvanch,84800
904,ceil,slave,sarghet,84800
905,item,bring,ei,84800
906,camara,man,suggest,84800
907,carolina,ad,indentur,84800
908,surplu,store,lessor,84800
909,airway,treasuri,poll,84800
910,lessor,cranch,discharg,84800
911,nye,enabl,week,84800
912,injuri,opportun,entangl,84800
913,attorney,particip,end,84800
914,claimant,mine,67,84800
915,map,hewett,saniti,84800
916,suppli,unlaw,28th,84800
917,collis,instanc,7661,84800
918,censorship,depositori,51,84800
919,2680k,observ,eleven,84800
920,seal,go,sobrant,84800
921,430,orlean,overhead,84800
922,429,whose,minimum,84800
923,packard,art,rutherford,84800
924,postoffic,2d,hess,84800
925,regular,91,differ,84800
926,forc,faith,sworn,84800
927,verdict,simpli,mavor,84800
928,hunter,share,invent,84800
929,cuyahoga,hire,heard,84800
930,bridg,reduc,oar,84800
931,deceas,restrain,market,84800
932,israel,navi,tri,84800
933,taxabl,justifi,hochsmith,84800
934,228,five,deni,84800
935,hess,challeng,301c,84800
936,cairo,harper,matter,84800
937,origin,rais,registri,84800
938,user,35,detritu,84800
939,malic,104,weid,84800
940,montgomeri,fraudul,militari,84800
941,guiding,patterson,vacant,84800
942,top,sue,administ,84800
943,tariff,thing,employ,84800
944,setoff,element,powel,84800
945,represent,obscen,1843,84800
946,submerg,juror,smsa,84800
947,49250,partmar,religi,84800
948,transport,pacif,humphrey,84800
949,dissent,toll,book,84800
950,prefer,voter,cooley,84800
951,seaman,knuckl,shadeland,84800
952,sobrant,100,lumber,84800
953,gc,senior,rohd,84800
954,let,side,91,84800
955,rosengr,singl,1352,84800
956,britain,labor,covoppenhim,84800
957,captain,publish,respectively—commenc,84800
958,birkenfeld,mandamu,noncomli,84800
959,budget,seek,murray,84800
960,element,avoid,baizley,84800
961,cpo,herein,susquehanna,84800
962,k,request,obedi,84800
963,collect,pictur,nonresid,84800
964,argu,cook,camara,84800
965,advis,1st,4500,84800
966,masstransit,presumpt,subjectmatt,84800
967,nonresid,appar,fremont,84800
968,jane,absolut,hom,84800
969,123,lie,9712,84800
970,hay,salli,9,84800
971,oar,compet,common,84800
972,huff,pursuanc,vende,84800
973,brockett,edward,gaswork,84800
974,oat,aver,messer,84800
975,thoma,registr,transferor,84800
976,sarghet,tract,pro,84800
977,crvanch,postmast,messel,84800
978,cranch,gave,lent,84800
979,bartholomew,mark,marshal,84800
980,person,divid,chancellor,84800
981,4500,irregular,2315,84800
982,grand,desir,subsist,84800
983,weldon,88,disadvantag,84800
984,jointli,reach,herein,84800
985,treasur,avail,15,84800
986,livingston,41,fundament,84800
987,pm,la,wrong,84800
988,ei,still,taken,84800
989,evid,enjoy,weather,84800
990,suydam,assault,goodfaith,84800
991,mark,afterward,flsa,84800
992,murder,stamp,engag,84800
993,weid,invest,370,84800
994,roger,preced,nye,84800
995,1874,infring,46th,84800
996,order,move,kluge,84800
997,301c,adequ,weldon,84800
998,viewer,wage,ship,84800
999,577,necess,bakk,84800
